"case","period","daynight","mode","hours","percentExpected"
"base","all","all","HEAT_MAJOR_VENT_DRY","2086","34.26975521603417"
"base","2026-01","all","HEAT_MAJOR_VENT_DRY","710","95.43010752688173"
"base","all","night","HEAT_MAJOR_VENT_DRY","1068","35.108481262327416"
"base","2026-01","night","HEAT_MAJOR_VENT_DRY","362","97.31182795698925"
"base","all","day","HEAT_MAJOR_VENT_DRY","1018","33.431855500821015"
"base","2026-01","day","HEAT_MAJOR_VENT_DRY","348","93.54838709677419"
"base","all","all","PASSIVE_VENT_COOL_DRY","302","4.961393132906194"
"base","2026-01","all","PASSIVE_VENT_COOL_DRY","21","2.8225806451612905"
"base","all","day","PASSIVE_VENT_COOL_DRY","268","8.801313628899836"
"base","2026-01","day","PASSIVE_VENT_COOL_DRY","20","5.376344086021505"
"base","all","night","PASSIVE_VENT_COOL_DRY","34","1.1176857330703485"
"base","2026-01","night","PASSIVE_VENT_COOL_DRY","1","0.26881720430107525"
"base","all","all","HEAT_MIN_VENT","97","1.5935600459996715"
"base","2026-01","all","HEAT_MIN_VENT","3","0.4032258064516129"
"base","all","night","HEAT_MIN_VENT","56","1.8408941485864563"
"base","2026-01","night","HEAT_MIN_VENT","2","0.5376344086021505"
"base","all","all","PASSIVE_VENT_COOL_HUMID","408","6.702809265648103"
"base","2026-01","all","PASSIVE_VENT_COOL_HUMID","1","0.13440860215053763"
"base","all","night","PASSIVE_VENT_COOL_HUMID","10","0.32873109796186717"
"base","2026-01","night","PASSIVE_VENT_COOL_HUMID","1","0.26881720430107525"
"base","all","day","HEAT_MIN_VENT","41","1.3464696223316912"
"base","2026-01","day","HEAT_MIN_VENT","1","0.26881720430107525"
"base","all","all","HEAT_VENT_HUMID","73","1.1992771480203712"
"base","2026-01","all","HEAT_VENT_HUMID","3","0.4032258064516129"
"base","all","day","HEAT_VENT_HUMID","49","1.6091954022988506"
"base","2026-01","day","HEAT_VENT_HUMID","3","0.8064516129032258"
"base","all","all","NEUTRAL_MIN_VENT","477","7.83637259733859"
"base","2026-01","all","NEUTRAL_MIN_VENT","1","0.13440860215053763"
"base","all","night","NEUTRAL_MIN_VENT","133","4.372123602892834"
"base","2026-01","night","NEUTRAL_MIN_VENT","1","0.26881720430107525"
"base","all","all","MISSING_DATA","23","0.3778544438968293"
"base","2026-01","all","MISSING_DATA","4","0.5376344086021505"
"base","all","night","MISSING_DATA","18","0.591715976331361"
"base","2026-01","night","MISSING_DATA","4","1.075268817204301"
"base","all","all","ACTIVE_HUMIDIFICATION_LIKELY","80","1.3142763265976671"
"base","2026-01","all","ACTIVE_HUMIDIFICATION_LIKELY","1","0.13440860215053763"
"base","all","night","ACTIVE_HUMIDIFICATION_LIKELY","42","1.3806706114398422"
"base","2026-01","night","ACTIVE_HUMIDIFICATION_LIKELY","1","0.26881720430107525"
"base","2026-02","all","HEAT_MAJOR_VENT_DRY","549","81.69642857142857"
"base","2026-02","night","HEAT_MAJOR_VENT_DRY","295","87.79761904761905"
"base","2026-02","day","HEAT_MAJOR_VENT_DRY","254","75.5952380952381"
"base","2026-02","all","MISSING_DATA","10","1.4880952380952381"
"base","all","day","MISSING_DATA","5","0.16420361247947454"
"base","2026-02","day","MISSING_DATA","3","0.8928571428571429"
"base","2026-02","all","PASSIVE_VENT_COOL_DRY","78","11.607142857142858"
"base","2026-02","day","PASSIVE_VENT_COOL_DRY","70","20.833333333333332"
"base","2026-02","all","ACTIVE_HUMIDIFICATION_LIKELY","13","1.9345238095238095"
"base","all","day","ACTIVE_HUMIDIFICATION_LIKELY","38","1.2479474548440066"
"base","2026-02","day","ACTIVE_HUMIDIFICATION_LIKELY","5","1.4880952380952381"
"base","2026-02","night","ACTIVE_HUMIDIFICATION_LIKELY","8","2.380952380952381"
"base","2026-02","all","NEUTRAL_MIN_VENT","3","0.44642857142857145"
"base","2026-02","night","NEUTRAL_MIN_VENT","3","0.8928571428571429"
"base","all","all","PASSIVE_HUMIDIFY_OPPORTUNITY","172","2.8256941021849844"
"base","2026-02","all","PASSIVE_HUMIDIFY_OPPORTUNITY","9","1.3392857142857142"
"base","all","night","PASSIVE_HUMIDIFY_OPPORTUNITY","95","3.1229454306377384"
"base","2026-02","night","PASSIVE_HUMIDIFY_OPPORTUNITY","9","2.6785714285714284"
"base","2026-02","night","PASSIVE_VENT_COOL_DRY","8","2.380952380952381"
"base","2026-02","night","MISSING_DATA","7","2.0833333333333335"
"base","2026-02","all","HEAT_MIN_VENT","7","1.0416666666666667"
"base","2026-02","day","HEAT_MIN_VENT","4","1.1904761904761905"
"base","2026-02","night","HEAT_MIN_VENT","3","0.8928571428571429"
"base","all","all","PAD_INEFFECTIVE_DEHU_NEEDED","2300","37.78544438968293"
"base","2026-02","all","PAD_INEFFECTIVE_DEHU_NEEDED","1","0.1488095238095238"
"base","all","night","PAD_INEFFECTIVE_DEHU_NEEDED","1505","49.47403024326101"
"base","2026-02","night","PAD_INEFFECTIVE_DEHU_NEEDED","1","0.2976190476190476"
"base","all","all","PAD_EFFECTIVE","67","1.1007064235255462"
"base","2026-02","all","PAD_EFFECTIVE","2","0.2976190476190476"
"base","all","night","PAD_EFFECTIVE","55","1.8080210387902695"
"base","2026-02","night","PAD_EFFECTIVE","2","0.5952380952380952"
"base","2026-03","all","HEAT_MAJOR_VENT_DRY","418","56.258411843876175"
"base","2026-03","night","HEAT_MAJOR_VENT_DRY","211","56.8733153638814"
"base","2026-03","day","HEAT_MAJOR_VENT_DRY","207","55.645161290322584"
"base","2026-03","all","HEAT_MIN_VENT","10","1.3458950201884252"
"base","2026-03","day","HEAT_MIN_VENT","9","2.4193548387096775"
"base","2026-03","all","PASSIVE_VENT_COOL_DRY","74","9.959623149394348"
"base","2026-03","day","PASSIVE_VENT_COOL_DRY","65","17.473118279569892"
"base","2026-03","all","PASSIVE_HUMIDIFY_OPPORTUNITY","61","8.209959623149395"
"base","all","day","PASSIVE_HUMIDIFY_OPPORTUNITY","77","2.528735632183908"
"base","2026-03","day","PASSIVE_HUMIDIFY_OPPORTUNITY","27","7.258064516129032"
"base","2026-03","all","PAD_INEFFECTIVE_DEHU_NEEDED","94","12.651413189771198"
"base","2026-03","night","PAD_INEFFECTIVE_DEHU_NEEDED","75","20.21563342318059"
"base","2026-03","all","PASSIVE_VENT_COOL_HUMID","20","2.6917900403768504"
"base","all","day","PASSIVE_VENT_COOL_HUMID","398","13.070607553366173"
"base","2026-03","day","PASSIVE_VENT_COOL_HUMID","20","5.376344086021505"
"base","2026-03","all","NEUTRAL_MIN_VENT","13","1.749663526244953"
"base","2026-03","night","NEUTRAL_MIN_VENT","7","1.8867924528301887"
"base","2026-03","night","PASSIVE_HUMIDIFY_OPPORTUNITY","34","9.164420485175203"
"base","2026-03","night","HEAT_MIN_VENT","1","0.2695417789757412"
"base","2026-03","all","PAD_EFFECTIVE","32","4.306864064602961"
"base","2026-03","night","PAD_EFFECTIVE","22","5.929919137466308"
"base","2026-03","all","ACTIVE_HUMIDIFICATION_LIKELY","20","2.6917900403768504"
"base","2026-03","night","ACTIVE_HUMIDIFICATION_LIKELY","11","2.964959568733154"
"base","2026-03","night","PASSIVE_VENT_COOL_DRY","9","2.4258760107816713"
"base","all","day","NEUTRAL_MIN_VENT","344","11.29720853858785"
"base","2026-03","day","NEUTRAL_MIN_VENT","6","1.6129032258064515"
"base","2026-03","day","ACTIVE_HUMIDIFICATION_LIKELY","9","2.4193548387096775"
"base","all","day","PAD_EFFECTIVE","12","0.39408866995073893"
"base","2026-03","day","PAD_EFFECTIVE","10","2.6881720430107525"
"base","all","day","PAD_INEFFECTIVE_DEHU_NEEDED","795","26.108374384236452"
"base","2026-03","day","PAD_INEFFECTIVE_DEHU_NEEDED","19","5.10752688172043"
"base","all","all","PAD_MARGINAL","2","0.032856908164941676"
"base","2026-03","all","PAD_MARGINAL","1","0.13458950201884254"
"base","all","night","PAD_MARGINAL","2","0.06574621959237344"
"base","2026-03","night","PAD_MARGINAL","1","0.2695417789757412"
"base","2026-04","all","PAD_INEFFECTIVE_DEHU_NEEDED","119","16.52777777777778"
"base","2026-04","night","PAD_INEFFECTIVE_DEHU_NEEDED","112","31.11111111111111"
"base","2026-04","all","PASSIVE_VENT_COOL_DRY","62","8.61111111111111"
"base","2026-04","day","PASSIVE_VENT_COOL_DRY","54","15"
"base","2026-04","all","PASSIVE_HUMIDIFY_OPPORTUNITY","27","3.75"
"base","2026-04","day","PASSIVE_HUMIDIFY_OPPORTUNITY","15","4.166666666666667"
"base","2026-04","all","PASSIVE_VENT_COOL_HUMID","107","14.86111111111111"
"base","2026-04","day","PASSIVE_VENT_COOL_HUMID","105","29.166666666666668"
"base","2026-04","all","NEUTRAL_MIN_VENT","68","9.444444444444445"
"base","2026-04","day","NEUTRAL_MIN_VENT","32","8.88888888888889"
"base","2026-04","night","NEUTRAL_MIN_VENT","36","10"
"base","2026-04","all","HEAT_VENT_HUMID","36","5"
"base","2026-04","day","HEAT_VENT_HUMID","21","5.833333333333333"
"base","2026-04","day","PAD_INEFFECTIVE_DEHU_NEEDED","7","1.9444444444444444"
"base","2026-04","all","PAD_MARGINAL","1","0.1388888888888889"
"base","2026-04","night","PAD_MARGINAL","1","0.2777777777777778"
"base","2026-04","all","MISSING_DATA","4","0.5555555555555556"
"base","2026-04","night","MISSING_DATA","4","1.1111111111111112"
"base","2026-04","all","HEAT_MAJOR_VENT_DRY","234","32.5"
"base","2026-04","night","HEAT_MAJOR_VENT_DRY","122","33.888888888888886"
"base","2026-04","day","HEAT_MAJOR_VENT_DRY","112","31.11111111111111"
"base","2026-04","all","ACTIVE_HUMIDIFICATION_LIKELY","15","2.0833333333333335"
"base","2026-04","night","ACTIVE_HUMIDIFICATION_LIKELY","15","4.166666666666667"
"base","2026-04","night","PASSIVE_VENT_COOL_DRY","8","2.2222222222222223"
"base","2026-04","all","PAD_EFFECTIVE","10","1.3888888888888888"
"base","2026-04","night","PAD_EFFECTIVE","10","2.7777777777777777"
"base","2026-04","night","PASSIVE_HUMIDIFY_OPPORTUNITY","12","3.3333333333333335"
"base","2026-04","all","HEAT_MIN_VENT","37","5.138888888888889"
"base","2026-04","day","HEAT_MIN_VENT","14","3.888888888888889"
"base","2026-04","night","PASSIVE_VENT_COOL_HUMID","2","0.5555555555555556"
"base","all","night","HEAT_VENT_HUMID","24","0.7889546351084813"
"base","2026-04","night","HEAT_VENT_HUMID","15","4.166666666666667"
"base","2026-04","night","HEAT_MIN_VENT","23","6.388888888888889"
"base","2026-05","all","HEAT_MAJOR_VENT_DRY","175","23.521505376344088"
"base","2026-05","night","HEAT_MAJOR_VENT_DRY","78","20.967741935483872"
"base","2026-05","day","HEAT_MAJOR_VENT_DRY","97","26.0752688172043"
"base","2026-05","all","PASSIVE_VENT_COOL_DRY","53","7.123655913978495"
"base","2026-05","day","PASSIVE_VENT_COOL_DRY","45","12.096774193548388"
"base","2026-05","all","ACTIVE_HUMIDIFICATION_LIKELY","29","3.8978494623655915"
"base","2026-05","night","ACTIVE_HUMIDIFICATION_LIKELY","7","1.881720430107527"
"base","2026-05","night","PASSIVE_VENT_COOL_DRY","8","2.150537634408602"
"base","2026-05","all","NEUTRAL_MIN_VENT","102","13.709677419354838"
"base","2026-05","day","NEUTRAL_MIN_VENT","58","15.591397849462366"
"base","2026-05","day","ACTIVE_HUMIDIFICATION_LIKELY","22","5.913978494623656"
"base","2026-05","all","PAD_EFFECTIVE","23","3.0913978494623655"
"base","2026-05","day","PAD_EFFECTIVE","2","0.5376344086021505"
"base","2026-05","night","PAD_EFFECTIVE","21","5.645161290322581"
"base","2026-05","all","PASSIVE_HUMIDIFY_OPPORTUNITY","46","6.182795698924731"
"base","2026-05","night","PASSIVE_HUMIDIFY_OPPORTUNITY","29","7.795698924731183"
"base","2026-05","day","PASSIVE_HUMIDIFY_OPPORTUNITY","17","4.56989247311828"
"base","2026-05","all","PAD_INEFFECTIVE_DEHU_NEEDED","179","24.059139784946236"
"base","2026-05","night","PAD_INEFFECTIVE_DEHU_NEEDED","140","37.634408602150536"
"base","2026-05","night","NEUTRAL_MIN_VENT","44","11.827956989247312"
"base","2026-05","all","HEAT_MIN_VENT","39","5.241935483870968"
"base","2026-05","day","HEAT_MIN_VENT","12","3.225806451612903"
"base","2026-05","all","PASSIVE_VENT_COOL_HUMID","65","8.736559139784946"
"base","2026-05","night","PASSIVE_VENT_COOL_HUMID","7","1.881720430107527"
"base","2026-05","all","HEAT_VENT_HUMID","31","4.166666666666667"
"base","2026-05","night","HEAT_VENT_HUMID","9","2.4193548387096775"
"base","2026-05","night","HEAT_MIN_VENT","27","7.258064516129032"
"base","2026-05","day","PASSIVE_VENT_COOL_HUMID","58","15.591397849462366"
"base","2026-05","day","PAD_INEFFECTIVE_DEHU_NEEDED","39","10.483870967741936"
"base","2026-05","all","MISSING_DATA","2","0.26881720430107525"
"base","2026-05","night","MISSING_DATA","2","0.5376344086021505"
"base","2026-05","day","HEAT_VENT_HUMID","22","5.913978494623656"
"base","2026-06","all","PAD_INEFFECTIVE_DEHU_NEEDED","439","60.97222222222222"
"base","2026-06","night","PAD_INEFFECTIVE_DEHU_NEEDED","318","88.33333333333333"
"base","2026-06","all","PASSIVE_VENT_COOL_HUMID","122","16.944444444444443"
"base","2026-06","day","PASSIVE_VENT_COOL_HUMID","122","33.888888888888886"
"base","2026-06","all","NEUTRAL_MIN_VENT","125","17.36111111111111"
"base","2026-06","day","NEUTRAL_MIN_VENT","90","25"
"base","2026-06","day","PAD_INEFFECTIVE_DEHU_NEEDED","121","33.611111111111114"
"base","2026-06","night","NEUTRAL_MIN_VENT","35","9.722222222222221"
"base","2026-06","all","PASSIVE_VENT_COOL_DRY","10","1.3888888888888888"
"base","2026-06","day","PASSIVE_VENT_COOL_DRY","10","2.7777777777777777"
"base","2026-06","all","PASSIVE_HUMIDIFY_OPPORTUNITY","19","2.638888888888889"
"base","2026-06","day","PASSIVE_HUMIDIFY_OPPORTUNITY","12","3.3333333333333335"
"base","2026-06","all","HEAT_VENT_HUMID","3","0.4166666666666667"
"base","2026-06","day","HEAT_VENT_HUMID","3","0.8333333333333334"
"base","2026-06","all","ACTIVE_HUMIDIFICATION_LIKELY","2","0.2777777777777778"
"base","2026-06","day","ACTIVE_HUMIDIFICATION_LIKELY","2","0.5555555555555556"
"base","2026-06","night","PASSIVE_HUMIDIFY_OPPORTUNITY","7","1.9444444444444444"
"base","2026-07","all","PAD_INEFFECTIVE_DEHU_NEEDED","621","83.46774193548387"
"base","2026-07","night","PAD_INEFFECTIVE_DEHU_NEEDED","370","99.46236559139786"
"base","2026-07","all","PASSIVE_VENT_COOL_HUMID","34","4.56989247311828"
"base","2026-07","day","PASSIVE_VENT_COOL_HUMID","34","9.13978494623656"
"base","2026-07","all","NEUTRAL_MIN_VENT","87","11.693548387096774"
"base","2026-07","day","NEUTRAL_MIN_VENT","85","22.849462365591396"
"base","2026-07","day","PAD_INEFFECTIVE_DEHU_NEEDED","251","67.47311827956989"
"base","2026-07","night","NEUTRAL_MIN_VENT","2","0.5376344086021505"
"base","2026-07","all","MISSING_DATA","2","0.26881720430107525"
"base","2026-07","day","MISSING_DATA","2","0.5376344086021505"
"base","2026-08","all","PAD_INEFFECTIVE_DEHU_NEEDED","633","85.08064516129032"
"base","2026-08","night","PAD_INEFFECTIVE_DEHU_NEEDED","365","98.11827956989248"
"base","2026-08","all","PASSIVE_VENT_COOL_DRY","4","0.5376344086021505"
"base","2026-08","day","PASSIVE_VENT_COOL_DRY","4","1.075268817204301"
"base","2026-08","all","PASSIVE_HUMIDIFY_OPPORTUNITY","10","1.3440860215053763"
"base","2026-08","day","PASSIVE_HUMIDIFY_OPPORTUNITY","6","1.6129032258064515"
"base","2026-08","day","PAD_INEFFECTIVE_DEHU_NEEDED","268","72.04301075268818"
"base","2026-08","all","NEUTRAL_MIN_VENT","54","7.258064516129032"
"base","2026-08","night","NEUTRAL_MIN_VENT","3","0.8064516129032258"
"base","2026-08","all","PASSIVE_VENT_COOL_HUMID","42","5.645161290322581"
"base","2026-08","day","PASSIVE_VENT_COOL_HUMID","42","11.290322580645162"
"base","2026-08","day","NEUTRAL_MIN_VENT","51","13.709677419354838"
"base","2026-08","night","PASSIVE_HUMIDIFY_OPPORTUNITY","4","1.075268817204301"
"base","2026-08","all","HEAT_MIN_VENT","1","0.13440860215053763"
"base","2026-08","day","HEAT_MIN_VENT","1","0.26881720430107525"
"base","2026-09","all","PAD_INEFFECTIVE_DEHU_NEEDED","214","83.59375"
"base","2026-09","night","PAD_INEFFECTIVE_DEHU_NEEDED","124","97.63779527559055"
"base","2026-09","all","NEUTRAL_MIN_VENT","24","9.375"
"base","2026-09","day","NEUTRAL_MIN_VENT","22","17.05426356589147"
"base","2026-09","day","PAD_INEFFECTIVE_DEHU_NEEDED","90","69.76744186046511"
"base","2026-09","all","PASSIVE_VENT_COOL_HUMID","17","6.640625"
"base","2026-09","day","PASSIVE_VENT_COOL_HUMID","17","13.178294573643411"
"base","2026-09","all","MISSING_DATA","1","0.390625"
"base","2026-09","night","MISSING_DATA","1","0.7874015748031497"
"base","2026-09","night","NEUTRAL_MIN_VENT","2","1.5748031496062993"
"pad_0.7","all","all","HEAT_MAJOR_VENT_DRY","2086","34.26975521603417"
"pad_0.7","2026-01","all","HEAT_MAJOR_VENT_DRY","710","95.43010752688173"
"pad_0.7","all","night","HEAT_MAJOR_VENT_DRY","1068","35.108481262327416"
"pad_0.7","2026-01","night","HEAT_MAJOR_VENT_DRY","362","97.31182795698925"
"pad_0.7","all","day","HEAT_MAJOR_VENT_DRY","1018","33.431855500821015"
"pad_0.7","2026-01","day","HEAT_MAJOR_VENT_DRY","348","93.54838709677419"
"pad_0.7","all","all","PASSIVE_VENT_COOL_DRY","302","4.961393132906194"
"pad_0.7","2026-01","all","PASSIVE_VENT_COOL_DRY","21","2.8225806451612905"
"pad_0.7","all","day","PASSIVE_VENT_COOL_DRY","268","8.801313628899836"
"pad_0.7","2026-01","day","PASSIVE_VENT_COOL_DRY","20","5.376344086021505"
"pad_0.7","all","night","PASSIVE_VENT_COOL_DRY","34","1.1176857330703485"
"pad_0.7","2026-01","night","PASSIVE_VENT_COOL_DRY","1","0.26881720430107525"
"pad_0.7","all","all","HEAT_MIN_VENT","97","1.5935600459996715"
"pad_0.7","2026-01","all","HEAT_MIN_VENT","3","0.4032258064516129"
"pad_0.7","all","night","HEAT_MIN_VENT","56","1.8408941485864563"
"pad_0.7","2026-01","night","HEAT_MIN_VENT","2","0.5376344086021505"
"pad_0.7","all","all","PASSIVE_VENT_COOL_HUMID","408","6.702809265648103"
"pad_0.7","2026-01","all","PASSIVE_VENT_COOL_HUMID","1","0.13440860215053763"
"pad_0.7","all","night","PASSIVE_VENT_COOL_HUMID","10","0.32873109796186717"
"pad_0.7","2026-01","night","PASSIVE_VENT_COOL_HUMID","1","0.26881720430107525"
"pad_0.7","all","day","HEAT_MIN_VENT","41","1.3464696223316912"
"pad_0.7","2026-01","day","HEAT_MIN_VENT","1","0.26881720430107525"
"pad_0.7","all","all","HEAT_VENT_HUMID","73","1.1992771480203712"
"pad_0.7","2026-01","all","HEAT_VENT_HUMID","3","0.4032258064516129"
"pad_0.7","all","day","HEAT_VENT_HUMID","49","1.6091954022988506"
"pad_0.7","2026-01","day","HEAT_VENT_HUMID","3","0.8064516129032258"
"pad_0.7","all","all","NEUTRAL_MIN_VENT","477","7.83637259733859"
"pad_0.7","2026-01","all","NEUTRAL_MIN_VENT","1","0.13440860215053763"
"pad_0.7","all","night","NEUTRAL_MIN_VENT","133","4.372123602892834"
"pad_0.7","2026-01","night","NEUTRAL_MIN_VENT","1","0.26881720430107525"
"pad_0.7","all","all","MISSING_DATA","23","0.3778544438968293"
"pad_0.7","2026-01","all","MISSING_DATA","4","0.5376344086021505"
"pad_0.7","all","night","MISSING_DATA","18","0.591715976331361"
"pad_0.7","2026-01","night","MISSING_DATA","4","1.075268817204301"
"pad_0.7","all","all","ACTIVE_HUMIDIFICATION_LIKELY","80","1.3142763265976671"
"pad_0.7","2026-01","all","ACTIVE_HUMIDIFICATION_LIKELY","1","0.13440860215053763"
"pad_0.7","all","night","ACTIVE_HUMIDIFICATION_LIKELY","42","1.3806706114398422"
"pad_0.7","2026-01","night","ACTIVE_HUMIDIFICATION_LIKELY","1","0.26881720430107525"
"pad_0.7","2026-02","all","HEAT_MAJOR_VENT_DRY","549","81.69642857142857"
"pad_0.7","2026-02","night","HEAT_MAJOR_VENT_DRY","295","87.79761904761905"
"pad_0.7","2026-02","day","HEAT_MAJOR_VENT_DRY","254","75.5952380952381"
"pad_0.7","2026-02","all","MISSING_DATA","10","1.4880952380952381"
"pad_0.7","all","day","MISSING_DATA","5","0.16420361247947454"
"pad_0.7","2026-02","day","MISSING_DATA","3","0.8928571428571429"
"pad_0.7","2026-02","all","PASSIVE_VENT_COOL_DRY","78","11.607142857142858"
"pad_0.7","2026-02","day","PASSIVE_VENT_COOL_DRY","70","20.833333333333332"
"pad_0.7","2026-02","all","ACTIVE_HUMIDIFICATION_LIKELY","13","1.9345238095238095"
"pad_0.7","all","day","ACTIVE_HUMIDIFICATION_LIKELY","38","1.2479474548440066"
"pad_0.7","2026-02","day","ACTIVE_HUMIDIFICATION_LIKELY","5","1.4880952380952381"
"pad_0.7","2026-02","night","ACTIVE_HUMIDIFICATION_LIKELY","8","2.380952380952381"
"pad_0.7","2026-02","all","NEUTRAL_MIN_VENT","3","0.44642857142857145"
"pad_0.7","2026-02","night","NEUTRAL_MIN_VENT","3","0.8928571428571429"
"pad_0.7","all","all","PASSIVE_HUMIDIFY_OPPORTUNITY","172","2.8256941021849844"
"pad_0.7","2026-02","all","PASSIVE_HUMIDIFY_OPPORTUNITY","9","1.3392857142857142"
"pad_0.7","all","night","PASSIVE_HUMIDIFY_OPPORTUNITY","95","3.1229454306377384"
"pad_0.7","2026-02","night","PASSIVE_HUMIDIFY_OPPORTUNITY","9","2.6785714285714284"
"pad_0.7","2026-02","night","PASSIVE_VENT_COOL_DRY","8","2.380952380952381"
"pad_0.7","2026-02","night","MISSING_DATA","7","2.0833333333333335"
"pad_0.7","2026-02","all","HEAT_MIN_VENT","7","1.0416666666666667"
"pad_0.7","2026-02","day","HEAT_MIN_VENT","4","1.1904761904761905"
"pad_0.7","2026-02","night","HEAT_MIN_VENT","3","0.8928571428571429"
"pad_0.7","all","all","PAD_EFFECTIVE","64","1.0514210612781336"
"pad_0.7","2026-02","all","PAD_EFFECTIVE","3","0.44642857142857145"
"pad_0.7","all","night","PAD_EFFECTIVE","49","1.6107823800131493"
"pad_0.7","2026-02","night","PAD_EFFECTIVE","3","0.8928571428571429"
"pad_0.7","2026-03","all","HEAT_MAJOR_VENT_DRY","418","56.258411843876175"
"pad_0.7","2026-03","night","HEAT_MAJOR_VENT_DRY","211","56.8733153638814"
"pad_0.7","2026-03","day","HEAT_MAJOR_VENT_DRY","207","55.645161290322584"
"pad_0.7","2026-03","all","HEAT_MIN_VENT","10","1.3458950201884252"
"pad_0.7","2026-03","day","HEAT_MIN_VENT","9","2.4193548387096775"
"pad_0.7","2026-03","all","PASSIVE_VENT_COOL_DRY","74","9.959623149394348"
"pad_0.7","2026-03","day","PASSIVE_VENT_COOL_DRY","65","17.473118279569892"
"pad_0.7","2026-03","all","PASSIVE_HUMIDIFY_OPPORTUNITY","61","8.209959623149395"
"pad_0.7","all","day","PASSIVE_HUMIDIFY_OPPORTUNITY","77","2.528735632183908"
"pad_0.7","2026-03","day","PASSIVE_HUMIDIFY_OPPORTUNITY","27","7.258064516129032"
"pad_0.7","all","all","PAD_INEFFECTIVE_DEHU_NEEDED","2288","37.58830294069328"
"pad_0.7","2026-03","all","PAD_INEFFECTIVE_DEHU_NEEDED","86","11.574697173620457"
"pad_0.7","all","night","PAD_INEFFECTIVE_DEHU_NEEDED","1496","49.17817225509533"
"pad_0.7","2026-03","night","PAD_INEFFECTIVE_DEHU_NEEDED","70","18.867924528301888"
"pad_0.7","2026-03","all","PASSIVE_VENT_COOL_HUMID","20","2.6917900403768504"
"pad_0.7","all","day","PASSIVE_VENT_COOL_HUMID","398","13.070607553366173"
"pad_0.7","2026-03","day","PASSIVE_VENT_COOL_HUMID","20","5.376344086021505"
"pad_0.7","2026-03","all","NEUTRAL_MIN_VENT","13","1.749663526244953"
"pad_0.7","2026-03","night","NEUTRAL_MIN_VENT","7","1.8867924528301887"
"pad_0.7","2026-03","night","PASSIVE_HUMIDIFY_OPPORTUNITY","34","9.164420485175203"
"pad_0.7","2026-03","night","HEAT_MIN_VENT","1","0.2695417789757412"
"pad_0.7","2026-03","all","PAD_EFFECTIVE","33","4.441453566621804"
"pad_0.7","2026-03","night","PAD_EFFECTIVE","20","5.390835579514825"
"pad_0.7","2026-03","all","ACTIVE_HUMIDIFICATION_LIKELY","20","2.6917900403768504"
"pad_0.7","2026-03","night","ACTIVE_HUMIDIFICATION_LIKELY","11","2.964959568733154"
"pad_0.7","2026-03","night","PASSIVE_VENT_COOL_DRY","9","2.4258760107816713"
"pad_0.7","all","day","NEUTRAL_MIN_VENT","344","11.29720853858785"
"pad_0.7","2026-03","day","NEUTRAL_MIN_VENT","6","1.6129032258064515"
"pad_0.7","2026-03","day","ACTIVE_HUMIDIFICATION_LIKELY","9","2.4193548387096775"
"pad_0.7","all","day","PAD_EFFECTIVE","15","0.49261083743842365"
"pad_0.7","2026-03","day","PAD_EFFECTIVE","13","3.4946236559139785"
"pad_0.7","all","all","PAD_MARGINAL","17","0.27928371940200425"
"pad_0.7","2026-03","all","PAD_MARGINAL","8","1.0767160161507403"
"pad_0.7","all","night","PAD_MARGINAL","17","0.5588428665351742"
"pad_0.7","2026-03","night","PAD_MARGINAL","8","2.1563342318059298"
"pad_0.7","all","day","PAD_INEFFECTIVE_DEHU_NEEDED","792","26.00985221674877"
"pad_0.7","2026-03","day","PAD_INEFFECTIVE_DEHU_NEEDED","16","4.301075268817204"
"pad_0.7","2026-04","all","PAD_INEFFECTIVE_DEHU_NEEDED","119","16.52777777777778"
"pad_0.7","2026-04","night","PAD_INEFFECTIVE_DEHU_NEEDED","112","31.11111111111111"
"pad_0.7","2026-04","all","PASSIVE_VENT_COOL_DRY","62","8.61111111111111"
"pad_0.7","2026-04","day","PASSIVE_VENT_COOL_DRY","54","15"
"pad_0.7","2026-04","all","PASSIVE_HUMIDIFY_OPPORTUNITY","27","3.75"
"pad_0.7","2026-04","day","PASSIVE_HUMIDIFY_OPPORTUNITY","15","4.166666666666667"
"pad_0.7","2026-04","all","PASSIVE_VENT_COOL_HUMID","107","14.86111111111111"
"pad_0.7","2026-04","day","PASSIVE_VENT_COOL_HUMID","105","29.166666666666668"
"pad_0.7","2026-04","all","NEUTRAL_MIN_VENT","68","9.444444444444445"
"pad_0.7","2026-04","day","NEUTRAL_MIN_VENT","32","8.88888888888889"
"pad_0.7","2026-04","night","NEUTRAL_MIN_VENT","36","10"
"pad_0.7","2026-04","all","HEAT_VENT_HUMID","36","5"
"pad_0.7","2026-04","day","HEAT_VENT_HUMID","21","5.833333333333333"
"pad_0.7","2026-04","day","PAD_INEFFECTIVE_DEHU_NEEDED","7","1.9444444444444444"
"pad_0.7","2026-04","all","PAD_MARGINAL","3","0.4166666666666667"
"pad_0.7","2026-04","night","PAD_MARGINAL","3","0.8333333333333334"
"pad_0.7","2026-04","all","MISSING_DATA","4","0.5555555555555556"
"pad_0.7","2026-04","night","MISSING_DATA","4","1.1111111111111112"
"pad_0.7","2026-04","all","HEAT_MAJOR_VENT_DRY","234","32.5"
"pad_0.7","2026-04","night","HEAT_MAJOR_VENT_DRY","122","33.888888888888886"
"pad_0.7","2026-04","day","HEAT_MAJOR_VENT_DRY","112","31.11111111111111"
"pad_0.7","2026-04","all","ACTIVE_HUMIDIFICATION_LIKELY","15","2.0833333333333335"
"pad_0.7","2026-04","night","ACTIVE_HUMIDIFICATION_LIKELY","15","4.166666666666667"
"pad_0.7","2026-04","night","PASSIVE_VENT_COOL_DRY","8","2.2222222222222223"
"pad_0.7","2026-04","all","PAD_EFFECTIVE","8","1.1111111111111112"
"pad_0.7","2026-04","night","PAD_EFFECTIVE","8","2.2222222222222223"
"pad_0.7","2026-04","night","PASSIVE_HUMIDIFY_OPPORTUNITY","12","3.3333333333333335"
"pad_0.7","2026-04","all","HEAT_MIN_VENT","37","5.138888888888889"
"pad_0.7","2026-04","day","HEAT_MIN_VENT","14","3.888888888888889"
"pad_0.7","2026-04","night","PASSIVE_VENT_COOL_HUMID","2","0.5555555555555556"
"pad_0.7","all","night","HEAT_VENT_HUMID","24","0.7889546351084813"
"pad_0.7","2026-04","night","HEAT_VENT_HUMID","15","4.166666666666667"
"pad_0.7","2026-04","night","HEAT_MIN_VENT","23","6.388888888888889"
"pad_0.7","2026-05","all","HEAT_MAJOR_VENT_DRY","175","23.521505376344088"
"pad_0.7","2026-05","night","HEAT_MAJOR_VENT_DRY","78","20.967741935483872"
"pad_0.7","2026-05","day","HEAT_MAJOR_VENT_DRY","97","26.0752688172043"
"pad_0.7","2026-05","all","PASSIVE_VENT_COOL_DRY","53","7.123655913978495"
"pad_0.7","2026-05","day","PASSIVE_VENT_COOL_DRY","45","12.096774193548388"
"pad_0.7","2026-05","all","ACTIVE_HUMIDIFICATION_LIKELY","29","3.8978494623655915"
"pad_0.7","2026-05","night","ACTIVE_HUMIDIFICATION_LIKELY","7","1.881720430107527"
"pad_0.7","2026-05","night","PASSIVE_VENT_COOL_DRY","8","2.150537634408602"
"pad_0.7","2026-05","all","NEUTRAL_MIN_VENT","102","13.709677419354838"
"pad_0.7","2026-05","day","NEUTRAL_MIN_VENT","58","15.591397849462366"
"pad_0.7","2026-05","day","ACTIVE_HUMIDIFICATION_LIKELY","22","5.913978494623656"
"pad_0.7","2026-05","all","PAD_EFFECTIVE","20","2.6881720430107525"
"pad_0.7","2026-05","day","PAD_EFFECTIVE","2","0.5376344086021505"
"pad_0.7","2026-05","all","PAD_MARGINAL","6","0.8064516129032258"
"pad_0.7","2026-05","night","PAD_MARGINAL","6","1.6129032258064515"
"pad_0.7","2026-05","night","PAD_EFFECTIVE","18","4.838709677419355"
"pad_0.7","2026-05","all","PASSIVE_HUMIDIFY_OPPORTUNITY","46","6.182795698924731"
"pad_0.7","2026-05","night","PASSIVE_HUMIDIFY_OPPORTUNITY","29","7.795698924731183"
"pad_0.7","2026-05","day","PASSIVE_HUMIDIFY_OPPORTUNITY","17","4.56989247311828"
"pad_0.7","2026-05","all","PAD_INEFFECTIVE_DEHU_NEEDED","176","23.655913978494624"
"pad_0.7","2026-05","night","PAD_INEFFECTIVE_DEHU_NEEDED","137","36.82795698924731"
"pad_0.7","2026-05","night","NEUTRAL_MIN_VENT","44","11.827956989247312"
"pad_0.7","2026-05","all","HEAT_MIN_VENT","39","5.241935483870968"
"pad_0.7","2026-05","day","HEAT_MIN_VENT","12","3.225806451612903"
"pad_0.7","2026-05","all","PASSIVE_VENT_COOL_HUMID","65","8.736559139784946"
"pad_0.7","2026-05","night","PASSIVE_VENT_COOL_HUMID","7","1.881720430107527"
"pad_0.7","2026-05","all","HEAT_VENT_HUMID","31","4.166666666666667"
"pad_0.7","2026-05","night","HEAT_VENT_HUMID","9","2.4193548387096775"
"pad_0.7","2026-05","night","HEAT_MIN_VENT","27","7.258064516129032"
"pad_0.7","2026-05","day","PASSIVE_VENT_COOL_HUMID","58","15.591397849462366"
"pad_0.7","2026-05","day","PAD_INEFFECTIVE_DEHU_NEEDED","39","10.483870967741936"
"pad_0.7","2026-05","all","MISSING_DATA","2","0.26881720430107525"
"pad_0.7","2026-05","night","MISSING_DATA","2","0.5376344086021505"
"pad_0.7","2026-05","day","HEAT_VENT_HUMID","22","5.913978494623656"
"pad_0.7","2026-06","all","PAD_INEFFECTIVE_DEHU_NEEDED","439","60.97222222222222"
"pad_0.7","2026-06","night","PAD_INEFFECTIVE_DEHU_NEEDED","318","88.33333333333333"
"pad_0.7","2026-06","all","PASSIVE_VENT_COOL_HUMID","122","16.944444444444443"
"pad_0.7","2026-06","day","PASSIVE_VENT_COOL_HUMID","122","33.888888888888886"
"pad_0.7","2026-06","all","NEUTRAL_MIN_VENT","125","17.36111111111111"
"pad_0.7","2026-06","day","NEUTRAL_MIN_VENT","90","25"
"pad_0.7","2026-06","day","PAD_INEFFECTIVE_DEHU_NEEDED","121","33.611111111111114"
"pad_0.7","2026-06","night","NEUTRAL_MIN_VENT","35","9.722222222222221"
"pad_0.7","2026-06","all","PASSIVE_VENT_COOL_DRY","10","1.3888888888888888"
"pad_0.7","2026-06","day","PASSIVE_VENT_COOL_DRY","10","2.7777777777777777"
"pad_0.7","2026-06","all","PASSIVE_HUMIDIFY_OPPORTUNITY","19","2.638888888888889"
"pad_0.7","2026-06","day","PASSIVE_HUMIDIFY_OPPORTUNITY","12","3.3333333333333335"
"pad_0.7","2026-06","all","HEAT_VENT_HUMID","3","0.4166666666666667"
"pad_0.7","2026-06","day","HEAT_VENT_HUMID","3","0.8333333333333334"
"pad_0.7","2026-06","all","ACTIVE_HUMIDIFICATION_LIKELY","2","0.2777777777777778"
"pad_0.7","2026-06","day","ACTIVE_HUMIDIFICATION_LIKELY","2","0.5555555555555556"
"pad_0.7","2026-06","night","PASSIVE_HUMIDIFY_OPPORTUNITY","7","1.9444444444444444"
"pad_0.7","2026-07","all","PAD_INEFFECTIVE_DEHU_NEEDED","621","83.46774193548387"
"pad_0.7","2026-07","night","PAD_INEFFECTIVE_DEHU_NEEDED","370","99.46236559139786"
"pad_0.7","2026-07","all","PASSIVE_VENT_COOL_HUMID","34","4.56989247311828"
"pad_0.7","2026-07","day","PASSIVE_VENT_COOL_HUMID","34","9.13978494623656"
"pad_0.7","2026-07","all","NEUTRAL_MIN_VENT","87","11.693548387096774"
"pad_0.7","2026-07","day","NEUTRAL_MIN_VENT","85","22.849462365591396"
"pad_0.7","2026-07","day","PAD_INEFFECTIVE_DEHU_NEEDED","251","67.47311827956989"
"pad_0.7","2026-07","night","NEUTRAL_MIN_VENT","2","0.5376344086021505"
"pad_0.7","2026-07","all","MISSING_DATA","2","0.26881720430107525"
"pad_0.7","2026-07","day","MISSING_DATA","2","0.5376344086021505"
"pad_0.7","2026-08","all","PAD_INEFFECTIVE_DEHU_NEEDED","633","85.08064516129032"
"pad_0.7","2026-08","night","PAD_INEFFECTIVE_DEHU_NEEDED","365","98.11827956989248"
"pad_0.7","2026-08","all","PASSIVE_VENT_COOL_DRY","4","0.5376344086021505"
"pad_0.7","2026-08","day","PASSIVE_VENT_COOL_DRY","4","1.075268817204301"
"pad_0.7","2026-08","all","PASSIVE_HUMIDIFY_OPPORTUNITY","10","1.3440860215053763"
"pad_0.7","2026-08","day","PASSIVE_HUMIDIFY_OPPORTUNITY","6","1.6129032258064515"
"pad_0.7","2026-08","day","PAD_INEFFECTIVE_DEHU_NEEDED","268","72.04301075268818"
"pad_0.7","2026-08","all","NEUTRAL_MIN_VENT","54","7.258064516129032"
"pad_0.7","2026-08","night","NEUTRAL_MIN_VENT","3","0.8064516129032258"
"pad_0.7","2026-08","all","PASSIVE_VENT_COOL_HUMID","42","5.645161290322581"
"pad_0.7","2026-08","day","PASSIVE_VENT_COOL_HUMID","42","11.290322580645162"
"pad_0.7","2026-08","day","NEUTRAL_MIN_VENT","51","13.709677419354838"
"pad_0.7","2026-08","night","PASSIVE_HUMIDIFY_OPPORTUNITY","4","1.075268817204301"
"pad_0.7","2026-08","all","HEAT_MIN_VENT","1","0.13440860215053763"
"pad_0.7","2026-08","day","HEAT_MIN_VENT","1","0.26881720430107525"
"pad_0.7","2026-09","all","PAD_INEFFECTIVE_DEHU_NEEDED","214","83.59375"
"pad_0.7","2026-09","night","PAD_INEFFECTIVE_DEHU_NEEDED","124","97.63779527559055"
"pad_0.7","2026-09","all","NEUTRAL_MIN_VENT","24","9.375"
"pad_0.7","2026-09","day","NEUTRAL_MIN_VENT","22","17.05426356589147"
"pad_0.7","2026-09","day","PAD_INEFFECTIVE_DEHU_NEEDED","90","69.76744186046511"
"pad_0.7","2026-09","all","PASSIVE_VENT_COOL_HUMID","17","6.640625"
"pad_0.7","2026-09","day","PASSIVE_VENT_COOL_HUMID","17","13.178294573643411"
"pad_0.7","2026-09","all","MISSING_DATA","1","0.390625"
"pad_0.7","2026-09","night","MISSING_DATA","1","0.7874015748031497"
"pad_0.7","2026-09","night","NEUTRAL_MIN_VENT","2","1.5748031496062993"
"pad_0.8","all","all","HEAT_MAJOR_VENT_DRY","2086","34.26975521603417"
"pad_0.8","2026-01","all","HEAT_MAJOR_VENT_DRY","710","95.43010752688173"
"pad_0.8","all","night","HEAT_MAJOR_VENT_DRY","1068","35.108481262327416"
"pad_0.8","2026-01","night","HEAT_MAJOR_VENT_DRY","362","97.31182795698925"
"pad_0.8","all","day","HEAT_MAJOR_VENT_DRY","1018","33.431855500821015"
"pad_0.8","2026-01","day","HEAT_MAJOR_VENT_DRY","348","93.54838709677419"
"pad_0.8","all","all","PASSIVE_VENT_COOL_DRY","302","4.961393132906194"
"pad_0.8","2026-01","all","PASSIVE_VENT_COOL_DRY","21","2.8225806451612905"
"pad_0.8","all","day","PASSIVE_VENT_COOL_DRY","268","8.801313628899836"
"pad_0.8","2026-01","day","PASSIVE_VENT_COOL_DRY","20","5.376344086021505"
"pad_0.8","all","night","PASSIVE_VENT_COOL_DRY","34","1.1176857330703485"
"pad_0.8","2026-01","night","PASSIVE_VENT_COOL_DRY","1","0.26881720430107525"
"pad_0.8","all","all","HEAT_MIN_VENT","97","1.5935600459996715"
"pad_0.8","2026-01","all","HEAT_MIN_VENT","3","0.4032258064516129"
"pad_0.8","all","night","HEAT_MIN_VENT","56","1.8408941485864563"
"pad_0.8","2026-01","night","HEAT_MIN_VENT","2","0.5376344086021505"
"pad_0.8","all","all","PASSIVE_VENT_COOL_HUMID","408","6.702809265648103"
"pad_0.8","2026-01","all","PASSIVE_VENT_COOL_HUMID","1","0.13440860215053763"
"pad_0.8","all","night","PASSIVE_VENT_COOL_HUMID","10","0.32873109796186717"
"pad_0.8","2026-01","night","PASSIVE_VENT_COOL_HUMID","1","0.26881720430107525"
"pad_0.8","all","day","HEAT_MIN_VENT","41","1.3464696223316912"
"pad_0.8","2026-01","day","HEAT_MIN_VENT","1","0.26881720430107525"
"pad_0.8","all","all","HEAT_VENT_HUMID","73","1.1992771480203712"
"pad_0.8","2026-01","all","HEAT_VENT_HUMID","3","0.4032258064516129"
"pad_0.8","all","day","HEAT_VENT_HUMID","49","1.6091954022988506"
"pad_0.8","2026-01","day","HEAT_VENT_HUMID","3","0.8064516129032258"
"pad_0.8","all","all","NEUTRAL_MIN_VENT","477","7.83637259733859"
"pad_0.8","2026-01","all","NEUTRAL_MIN_VENT","1","0.13440860215053763"
"pad_0.8","all","night","NEUTRAL_MIN_VENT","133","4.372123602892834"
"pad_0.8","2026-01","night","NEUTRAL_MIN_VENT","1","0.26881720430107525"
"pad_0.8","all","all","MISSING_DATA","23","0.3778544438968293"
"pad_0.8","2026-01","all","MISSING_DATA","4","0.5376344086021505"
"pad_0.8","all","night","MISSING_DATA","18","0.591715976331361"
"pad_0.8","2026-01","night","MISSING_DATA","4","1.075268817204301"
"pad_0.8","all","all","ACTIVE_HUMIDIFICATION_LIKELY","80","1.3142763265976671"
"pad_0.8","2026-01","all","ACTIVE_HUMIDIFICATION_LIKELY","1","0.13440860215053763"
"pad_0.8","all","night","ACTIVE_HUMIDIFICATION_LIKELY","42","1.3806706114398422"
"pad_0.8","2026-01","night","ACTIVE_HUMIDIFICATION_LIKELY","1","0.26881720430107525"
"pad_0.8","2026-02","all","HEAT_MAJOR_VENT_DRY","549","81.69642857142857"
"pad_0.8","2026-02","night","HEAT_MAJOR_VENT_DRY","295","87.79761904761905"
"pad_0.8","2026-02","day","HEAT_MAJOR_VENT_DRY","254","75.5952380952381"
"pad_0.8","2026-02","all","MISSING_DATA","10","1.4880952380952381"
"pad_0.8","all","day","MISSING_DATA","5","0.16420361247947454"
"pad_0.8","2026-02","day","MISSING_DATA","3","0.8928571428571429"
"pad_0.8","2026-02","all","PASSIVE_VENT_COOL_DRY","78","11.607142857142858"
"pad_0.8","2026-02","day","PASSIVE_VENT_COOL_DRY","70","20.833333333333332"
"pad_0.8","2026-02","all","ACTIVE_HUMIDIFICATION_LIKELY","13","1.9345238095238095"
"pad_0.8","all","day","ACTIVE_HUMIDIFICATION_LIKELY","38","1.2479474548440066"
"pad_0.8","2026-02","day","ACTIVE_HUMIDIFICATION_LIKELY","5","1.4880952380952381"
"pad_0.8","2026-02","night","ACTIVE_HUMIDIFICATION_LIKELY","8","2.380952380952381"
"pad_0.8","2026-02","all","NEUTRAL_MIN_VENT","3","0.44642857142857145"
"pad_0.8","2026-02","night","NEUTRAL_MIN_VENT","3","0.8928571428571429"
"pad_0.8","all","all","PASSIVE_HUMIDIFY_OPPORTUNITY","172","2.8256941021849844"
"pad_0.8","2026-02","all","PASSIVE_HUMIDIFY_OPPORTUNITY","9","1.3392857142857142"
"pad_0.8","all","night","PASSIVE_HUMIDIFY_OPPORTUNITY","95","3.1229454306377384"
"pad_0.8","2026-02","night","PASSIVE_HUMIDIFY_OPPORTUNITY","9","2.6785714285714284"
"pad_0.8","2026-02","night","PASSIVE_VENT_COOL_DRY","8","2.380952380952381"
"pad_0.8","2026-02","night","MISSING_DATA","7","2.0833333333333335"
"pad_0.8","2026-02","all","HEAT_MIN_VENT","7","1.0416666666666667"
"pad_0.8","2026-02","day","HEAT_MIN_VENT","4","1.1904761904761905"
"pad_0.8","2026-02","night","HEAT_MIN_VENT","3","0.8928571428571429"
"pad_0.8","all","all","PAD_INEFFECTIVE_DEHU_NEEDED","2300","37.78544438968293"
"pad_0.8","2026-02","all","PAD_INEFFECTIVE_DEHU_NEEDED","1","0.1488095238095238"
"pad_0.8","all","night","PAD_INEFFECTIVE_DEHU_NEEDED","1505","49.47403024326101"
"pad_0.8","2026-02","night","PAD_INEFFECTIVE_DEHU_NEEDED","1","0.2976190476190476"
"pad_0.8","all","all","PAD_EFFECTIVE","67","1.1007064235255462"
"pad_0.8","2026-02","all","PAD_EFFECTIVE","2","0.2976190476190476"
"pad_0.8","all","night","PAD_EFFECTIVE","55","1.8080210387902695"
"pad_0.8","2026-02","night","PAD_EFFECTIVE","2","0.5952380952380952"
"pad_0.8","2026-03","all","HEAT_MAJOR_VENT_DRY","418","56.258411843876175"
"pad_0.8","2026-03","night","HEAT_MAJOR_VENT_DRY","211","56.8733153638814"
"pad_0.8","2026-03","day","HEAT_MAJOR_VENT_DRY","207","55.645161290322584"
"pad_0.8","2026-03","all","HEAT_MIN_VENT","10","1.3458950201884252"
"pad_0.8","2026-03","day","HEAT_MIN_VENT","9","2.4193548387096775"
"pad_0.8","2026-03","all","PASSIVE_VENT_COOL_DRY","74","9.959623149394348"
"pad_0.8","2026-03","day","PASSIVE_VENT_COOL_DRY","65","17.473118279569892"
"pad_0.8","2026-03","all","PASSIVE_HUMIDIFY_OPPORTUNITY","61","8.209959623149395"
"pad_0.8","all","day","PASSIVE_HUMIDIFY_OPPORTUNITY","77","2.528735632183908"
"pad_0.8","2026-03","day","PASSIVE_HUMIDIFY_OPPORTUNITY","27","7.258064516129032"
"pad_0.8","2026-03","all","PAD_INEFFECTIVE_DEHU_NEEDED","94","12.651413189771198"
"pad_0.8","2026-03","night","PAD_INEFFECTIVE_DEHU_NEEDED","75","20.21563342318059"
"pad_0.8","2026-03","all","PASSIVE_VENT_COOL_HUMID","20","2.6917900403768504"
"pad_0.8","all","day","PASSIVE_VENT_COOL_HUMID","398","13.070607553366173"
"pad_0.8","2026-03","day","PASSIVE_VENT_COOL_HUMID","20","5.376344086021505"
"pad_0.8","2026-03","all","NEUTRAL_MIN_VENT","13","1.749663526244953"
"pad_0.8","2026-03","night","NEUTRAL_MIN_VENT","7","1.8867924528301887"
"pad_0.8","2026-03","night","PASSIVE_HUMIDIFY_OPPORTUNITY","34","9.164420485175203"
"pad_0.8","2026-03","night","HEAT_MIN_VENT","1","0.2695417789757412"
"pad_0.8","2026-03","all","PAD_EFFECTIVE","32","4.306864064602961"
"pad_0.8","2026-03","night","PAD_EFFECTIVE","22","5.929919137466308"
"pad_0.8","2026-03","all","ACTIVE_HUMIDIFICATION_LIKELY","20","2.6917900403768504"
"pad_0.8","2026-03","night","ACTIVE_HUMIDIFICATION_LIKELY","11","2.964959568733154"
"pad_0.8","2026-03","night","PASSIVE_VENT_COOL_DRY","9","2.4258760107816713"
"pad_0.8","all","day","NEUTRAL_MIN_VENT","344","11.29720853858785"
"pad_0.8","2026-03","day","NEUTRAL_MIN_VENT","6","1.6129032258064515"
"pad_0.8","2026-03","day","ACTIVE_HUMIDIFICATION_LIKELY","9","2.4193548387096775"
"pad_0.8","all","day","PAD_EFFECTIVE","12","0.39408866995073893"
"pad_0.8","2026-03","day","PAD_EFFECTIVE","10","2.6881720430107525"
"pad_0.8","all","day","PAD_INEFFECTIVE_DEHU_NEEDED","795","26.108374384236452"
"pad_0.8","2026-03","day","PAD_INEFFECTIVE_DEHU_NEEDED","19","5.10752688172043"
"pad_0.8","all","all","PAD_MARGINAL","2","0.032856908164941676"
"pad_0.8","2026-03","all","PAD_MARGINAL","1","0.13458950201884254"
"pad_0.8","all","night","PAD_MARGINAL","2","0.06574621959237344"
"pad_0.8","2026-03","night","PAD_MARGINAL","1","0.2695417789757412"
"pad_0.8","2026-04","all","PAD_INEFFECTIVE_DEHU_NEEDED","119","16.52777777777778"
"pad_0.8","2026-04","night","PAD_INEFFECTIVE_DEHU_NEEDED","112","31.11111111111111"
"pad_0.8","2026-04","all","PASSIVE_VENT_COOL_DRY","62","8.61111111111111"
"pad_0.8","2026-04","day","PASSIVE_VENT_COOL_DRY","54","15"
"pad_0.8","2026-04","all","PASSIVE_HUMIDIFY_OPPORTUNITY","27","3.75"
"pad_0.8","2026-04","day","PASSIVE_HUMIDIFY_OPPORTUNITY","15","4.166666666666667"
"pad_0.8","2026-04","all","PASSIVE_VENT_COOL_HUMID","107","14.86111111111111"
"pad_0.8","2026-04","day","PASSIVE_VENT_COOL_HUMID","105","29.166666666666668"
"pad_0.8","2026-04","all","NEUTRAL_MIN_VENT","68","9.444444444444445"
"pad_0.8","2026-04","day","NEUTRAL_MIN_VENT","32","8.88888888888889"
"pad_0.8","2026-04","night","NEUTRAL_MIN_VENT","36","10"
"pad_0.8","2026-04","all","HEAT_VENT_HUMID","36","5"
"pad_0.8","2026-04","day","HEAT_VENT_HUMID","21","5.833333333333333"
"pad_0.8","2026-04","day","PAD_INEFFECTIVE_DEHU_NEEDED","7","1.9444444444444444"
"pad_0.8","2026-04","all","PAD_MARGINAL","1","0.1388888888888889"
"pad_0.8","2026-04","night","PAD_MARGINAL","1","0.2777777777777778"
"pad_0.8","2026-04","all","MISSING_DATA","4","0.5555555555555556"
"pad_0.8","2026-04","night","MISSING_DATA","4","1.1111111111111112"
"pad_0.8","2026-04","all","HEAT_MAJOR_VENT_DRY","234","32.5"
"pad_0.8","2026-04","night","HEAT_MAJOR_VENT_DRY","122","33.888888888888886"
"pad_0.8","2026-04","day","HEAT_MAJOR_VENT_DRY","112","31.11111111111111"
"pad_0.8","2026-04","all","ACTIVE_HUMIDIFICATION_LIKELY","15","2.0833333333333335"
"pad_0.8","2026-04","night","ACTIVE_HUMIDIFICATION_LIKELY","15","4.166666666666667"
"pad_0.8","2026-04","night","PASSIVE_VENT_COOL_DRY","8","2.2222222222222223"
"pad_0.8","2026-04","all","PAD_EFFECTIVE","10","1.3888888888888888"
"pad_0.8","2026-04","night","PAD_EFFECTIVE","10","2.7777777777777777"
"pad_0.8","2026-04","night","PASSIVE_HUMIDIFY_OPPORTUNITY","12","3.3333333333333335"
"pad_0.8","2026-04","all","HEAT_MIN_VENT","37","5.138888888888889"
"pad_0.8","2026-04","day","HEAT_MIN_VENT","14","3.888888888888889"
"pad_0.8","2026-04","night","PASSIVE_VENT_COOL_HUMID","2","0.5555555555555556"
"pad_0.8","all","night","HEAT_VENT_HUMID","24","0.7889546351084813"
"pad_0.8","2026-04","night","HEAT_VENT_HUMID","15","4.166666666666667"
"pad_0.8","2026-04","night","HEAT_MIN_VENT","23","6.388888888888889"
"pad_0.8","2026-05","all","HEAT_MAJOR_VENT_DRY","175","23.521505376344088"
"pad_0.8","2026-05","night","HEAT_MAJOR_VENT_DRY","78","20.967741935483872"
"pad_0.8","2026-05","day","HEAT_MAJOR_VENT_DRY","97","26.0752688172043"
"pad_0.8","2026-05","all","PASSIVE_VENT_COOL_DRY","53","7.123655913978495"
"pad_0.8","2026-05","day","PASSIVE_VENT_COOL_DRY","45","12.096774193548388"
"pad_0.8","2026-05","all","ACTIVE_HUMIDIFICATION_LIKELY","29","3.8978494623655915"
"pad_0.8","2026-05","night","ACTIVE_HUMIDIFICATION_LIKELY","7","1.881720430107527"
"pad_0.8","2026-05","night","PASSIVE_VENT_COOL_DRY","8","2.150537634408602"
"pad_0.8","2026-05","all","NEUTRAL_MIN_VENT","102","13.709677419354838"
"pad_0.8","2026-05","day","NEUTRAL_MIN_VENT","58","15.591397849462366"
"pad_0.8","2026-05","day","ACTIVE_HUMIDIFICATION_LIKELY","22","5.913978494623656"
"pad_0.8","2026-05","all","PAD_EFFECTIVE","23","3.0913978494623655"
"pad_0.8","2026-05","day","PAD_EFFECTIVE","2","0.5376344086021505"
"pad_0.8","2026-05","night","PAD_EFFECTIVE","21","5.645161290322581"
"pad_0.8","2026-05","all","PASSIVE_HUMIDIFY_OPPORTUNITY","46","6.182795698924731"
"pad_0.8","2026-05","night","PASSIVE_HUMIDIFY_OPPORTUNITY","29","7.795698924731183"
"pad_0.8","2026-05","day","PASSIVE_HUMIDIFY_OPPORTUNITY","17","4.56989247311828"
"pad_0.8","2026-05","all","PAD_INEFFECTIVE_DEHU_NEEDED","179","24.059139784946236"
"pad_0.8","2026-05","night","PAD_INEFFECTIVE_DEHU_NEEDED","140","37.634408602150536"
"pad_0.8","2026-05","night","NEUTRAL_MIN_VENT","44","11.827956989247312"
"pad_0.8","2026-05","all","HEAT_MIN_VENT","39","5.241935483870968"
"pad_0.8","2026-05","day","HEAT_MIN_VENT","12","3.225806451612903"
"pad_0.8","2026-05","all","PASSIVE_VENT_COOL_HUMID","65","8.736559139784946"
"pad_0.8","2026-05","night","PASSIVE_VENT_COOL_HUMID","7","1.881720430107527"
"pad_0.8","2026-05","all","HEAT_VENT_HUMID","31","4.166666666666667"
"pad_0.8","2026-05","night","HEAT_VENT_HUMID","9","2.4193548387096775"
"pad_0.8","2026-05","night","HEAT_MIN_VENT","27","7.258064516129032"
"pad_0.8","2026-05","day","PASSIVE_VENT_COOL_HUMID","58","15.591397849462366"
"pad_0.8","2026-05","day","PAD_INEFFECTIVE_DEHU_NEEDED","39","10.483870967741936"
"pad_0.8","2026-05","all","MISSING_DATA","2","0.26881720430107525"
"pad_0.8","2026-05","night","MISSING_DATA","2","0.5376344086021505"
"pad_0.8","2026-05","day","HEAT_VENT_HUMID","22","5.913978494623656"
"pad_0.8","2026-06","all","PAD_INEFFECTIVE_DEHU_NEEDED","439","60.97222222222222"
"pad_0.8","2026-06","night","PAD_INEFFECTIVE_DEHU_NEEDED","318","88.33333333333333"
"pad_0.8","2026-06","all","PASSIVE_VENT_COOL_HUMID","122","16.944444444444443"
"pad_0.8","2026-06","day","PASSIVE_VENT_COOL_HUMID","122","33.888888888888886"
"pad_0.8","2026-06","all","NEUTRAL_MIN_VENT","125","17.36111111111111"
"pad_0.8","2026-06","day","NEUTRAL_MIN_VENT","90","25"
"pad_0.8","2026-06","day","PAD_INEFFECTIVE_DEHU_NEEDED","121","33.611111111111114"
"pad_0.8","2026-06","night","NEUTRAL_MIN_VENT","35","9.722222222222221"
"pad_0.8","2026-06","all","PASSIVE_VENT_COOL_DRY","10","1.3888888888888888"
"pad_0.8","2026-06","day","PASSIVE_VENT_COOL_DRY","10","2.7777777777777777"
"pad_0.8","2026-06","all","PASSIVE_HUMIDIFY_OPPORTUNITY","19","2.638888888888889"
"pad_0.8","2026-06","day","PASSIVE_HUMIDIFY_OPPORTUNITY","12","3.3333333333333335"
"pad_0.8","2026-06","all","HEAT_VENT_HUMID","3","0.4166666666666667"
"pad_0.8","2026-06","day","HEAT_VENT_HUMID","3","0.8333333333333334"
"pad_0.8","2026-06","all","ACTIVE_HUMIDIFICATION_LIKELY","2","0.2777777777777778"
"pad_0.8","2026-06","day","ACTIVE_HUMIDIFICATION_LIKELY","2","0.5555555555555556"
"pad_0.8","2026-06","night","PASSIVE_HUMIDIFY_OPPORTUNITY","7","1.9444444444444444"
"pad_0.8","2026-07","all","PAD_INEFFECTIVE_DEHU_NEEDED","621","83.46774193548387"
"pad_0.8","2026-07","night","PAD_INEFFECTIVE_DEHU_NEEDED","370","99.46236559139786"
"pad_0.8","2026-07","all","PASSIVE_VENT_COOL_HUMID","34","4.56989247311828"
"pad_0.8","2026-07","day","PASSIVE_VENT_COOL_HUMID","34","9.13978494623656"
"pad_0.8","2026-07","all","NEUTRAL_MIN_VENT","87","11.693548387096774"
"pad_0.8","2026-07","day","NEUTRAL_MIN_VENT","85","22.849462365591396"
"pad_0.8","2026-07","day","PAD_INEFFECTIVE_DEHU_NEEDED","251","67.47311827956989"
"pad_0.8","2026-07","night","NEUTRAL_MIN_VENT","2","0.5376344086021505"
"pad_0.8","2026-07","all","MISSING_DATA","2","0.26881720430107525"
"pad_0.8","2026-07","day","MISSING_DATA","2","0.5376344086021505"
"pad_0.8","2026-08","all","PAD_INEFFECTIVE_DEHU_NEEDED","633","85.08064516129032"
"pad_0.8","2026-08","night","PAD_INEFFECTIVE_DEHU_NEEDED","365","98.11827956989248"
"pad_0.8","2026-08","all","PASSIVE_VENT_COOL_DRY","4","0.5376344086021505"
"pad_0.8","2026-08","day","PASSIVE_VENT_COOL_DRY","4","1.075268817204301"
"pad_0.8","2026-08","all","PASSIVE_HUMIDIFY_OPPORTUNITY","10","1.3440860215053763"
"pad_0.8","2026-08","day","PASSIVE_HUMIDIFY_OPPORTUNITY","6","1.6129032258064515"
"pad_0.8","2026-08","day","PAD_INEFFECTIVE_DEHU_NEEDED","268","72.04301075268818"
"pad_0.8","2026-08","all","NEUTRAL_MIN_VENT","54","7.258064516129032"
"pad_0.8","2026-08","night","NEUTRAL_MIN_VENT","3","0.8064516129032258"
"pad_0.8","2026-08","all","PASSIVE_VENT_COOL_HUMID","42","5.645161290322581"
"pad_0.8","2026-08","day","PASSIVE_VENT_COOL_HUMID","42","11.290322580645162"
"pad_0.8","2026-08","day","NEUTRAL_MIN_VENT","51","13.709677419354838"
"pad_0.8","2026-08","night","PASSIVE_HUMIDIFY_OPPORTUNITY","4","1.075268817204301"
"pad_0.8","2026-08","all","HEAT_MIN_VENT","1","0.13440860215053763"
"pad_0.8","2026-08","day","HEAT_MIN_VENT","1","0.26881720430107525"
"pad_0.8","2026-09","all","PAD_INEFFECTIVE_DEHU_NEEDED","214","83.59375"
"pad_0.8","2026-09","night","PAD_INEFFECTIVE_DEHU_NEEDED","124","97.63779527559055"
"pad_0.8","2026-09","all","NEUTRAL_MIN_VENT","24","9.375"
"pad_0.8","2026-09","day","NEUTRAL_MIN_VENT","22","17.05426356589147"
"pad_0.8","2026-09","day","PAD_INEFFECTIVE_DEHU_NEEDED","90","69.76744186046511"
"pad_0.8","2026-09","all","PASSIVE_VENT_COOL_HUMID","17","6.640625"
"pad_0.8","2026-09","day","PASSIVE_VENT_COOL_HUMID","17","13.178294573643411"
"pad_0.8","2026-09","all","MISSING_DATA","1","0.390625"
"pad_0.8","2026-09","night","MISSING_DATA","1","0.7874015748031497"
"pad_0.8","2026-09","night","NEUTRAL_MIN_VENT","2","1.5748031496062993"
"pad_0.85","all","all","HEAT_MAJOR_VENT_DRY","2086","34.26975521603417"
"pad_0.85","2026-01","all","HEAT_MAJOR_VENT_DRY","710","95.43010752688173"
"pad_0.85","all","night","HEAT_MAJOR_VENT_DRY","1068","35.108481262327416"
"pad_0.85","2026-01","night","HEAT_MAJOR_VENT_DRY","362","97.31182795698925"
"pad_0.85","all","day","HEAT_MAJOR_VENT_DRY","1018","33.431855500821015"
"pad_0.85","2026-01","day","HEAT_MAJOR_VENT_DRY","348","93.54838709677419"
"pad_0.85","all","all","PASSIVE_VENT_COOL_DRY","302","4.961393132906194"
"pad_0.85","2026-01","all","PASSIVE_VENT_COOL_DRY","21","2.8225806451612905"
"pad_0.85","all","day","PASSIVE_VENT_COOL_DRY","268","8.801313628899836"
"pad_0.85","2026-01","day","PASSIVE_VENT_COOL_DRY","20","5.376344086021505"
"pad_0.85","all","night","PASSIVE_VENT_COOL_DRY","34","1.1176857330703485"
"pad_0.85","2026-01","night","PASSIVE_VENT_COOL_DRY","1","0.26881720430107525"
"pad_0.85","all","all","HEAT_MIN_VENT","97","1.5935600459996715"
"pad_0.85","2026-01","all","HEAT_MIN_VENT","3","0.4032258064516129"
"pad_0.85","all","night","HEAT_MIN_VENT","56","1.8408941485864563"
"pad_0.85","2026-01","night","HEAT_MIN_VENT","2","0.5376344086021505"
"pad_0.85","all","all","PASSIVE_VENT_COOL_HUMID","408","6.702809265648103"
"pad_0.85","2026-01","all","PASSIVE_VENT_COOL_HUMID","1","0.13440860215053763"
"pad_0.85","all","night","PASSIVE_VENT_COOL_HUMID","10","0.32873109796186717"
"pad_0.85","2026-01","night","PASSIVE_VENT_COOL_HUMID","1","0.26881720430107525"
"pad_0.85","all","day","HEAT_MIN_VENT","41","1.3464696223316912"
"pad_0.85","2026-01","day","HEAT_MIN_VENT","1","0.26881720430107525"
"pad_0.85","all","all","HEAT_VENT_HUMID","73","1.1992771480203712"
"pad_0.85","2026-01","all","HEAT_VENT_HUMID","3","0.4032258064516129"
"pad_0.85","all","day","HEAT_VENT_HUMID","49","1.6091954022988506"
"pad_0.85","2026-01","day","HEAT_VENT_HUMID","3","0.8064516129032258"
"pad_0.85","all","all","NEUTRAL_MIN_VENT","477","7.83637259733859"
"pad_0.85","2026-01","all","NEUTRAL_MIN_VENT","1","0.13440860215053763"
"pad_0.85","all","night","NEUTRAL_MIN_VENT","133","4.372123602892834"
"pad_0.85","2026-01","night","NEUTRAL_MIN_VENT","1","0.26881720430107525"
"pad_0.85","all","all","MISSING_DATA","23","0.3778544438968293"
"pad_0.85","2026-01","all","MISSING_DATA","4","0.5376344086021505"
"pad_0.85","all","night","MISSING_DATA","18","0.591715976331361"
"pad_0.85","2026-01","night","MISSING_DATA","4","1.075268817204301"
"pad_0.85","all","all","ACTIVE_HUMIDIFICATION_LIKELY","80","1.3142763265976671"
"pad_0.85","2026-01","all","ACTIVE_HUMIDIFICATION_LIKELY","1","0.13440860215053763"
"pad_0.85","all","night","ACTIVE_HUMIDIFICATION_LIKELY","42","1.3806706114398422"
"pad_0.85","2026-01","night","ACTIVE_HUMIDIFICATION_LIKELY","1","0.26881720430107525"
"pad_0.85","2026-02","all","HEAT_MAJOR_VENT_DRY","549","81.69642857142857"
"pad_0.85","2026-02","night","HEAT_MAJOR_VENT_DRY","295","87.79761904761905"
"pad_0.85","2026-02","day","HEAT_MAJOR_VENT_DRY","254","75.5952380952381"
"pad_0.85","2026-02","all","MISSING_DATA","10","1.4880952380952381"
"pad_0.85","all","day","MISSING_DATA","5","0.16420361247947454"
"pad_0.85","2026-02","day","MISSING_DATA","3","0.8928571428571429"
"pad_0.85","2026-02","all","PASSIVE_VENT_COOL_DRY","78","11.607142857142858"
"pad_0.85","2026-02","day","PASSIVE_VENT_COOL_DRY","70","20.833333333333332"
"pad_0.85","2026-02","all","ACTIVE_HUMIDIFICATION_LIKELY","13","1.9345238095238095"
"pad_0.85","all","day","ACTIVE_HUMIDIFICATION_LIKELY","38","1.2479474548440066"
"pad_0.85","2026-02","day","ACTIVE_HUMIDIFICATION_LIKELY","5","1.4880952380952381"
"pad_0.85","2026-02","night","ACTIVE_HUMIDIFICATION_LIKELY","8","2.380952380952381"
"pad_0.85","2026-02","all","NEUTRAL_MIN_VENT","3","0.44642857142857145"
"pad_0.85","2026-02","night","NEUTRAL_MIN_VENT","3","0.8928571428571429"
"pad_0.85","all","all","PASSIVE_HUMIDIFY_OPPORTUNITY","172","2.8256941021849844"
"pad_0.85","2026-02","all","PASSIVE_HUMIDIFY_OPPORTUNITY","9","1.3392857142857142"
"pad_0.85","all","night","PASSIVE_HUMIDIFY_OPPORTUNITY","95","3.1229454306377384"
"pad_0.85","2026-02","night","PASSIVE_HUMIDIFY_OPPORTUNITY","9","2.6785714285714284"
"pad_0.85","2026-02","night","PASSIVE_VENT_COOL_DRY","8","2.380952380952381"
"pad_0.85","2026-02","night","MISSING_DATA","7","2.0833333333333335"
"pad_0.85","2026-02","all","HEAT_MIN_VENT","7","1.0416666666666667"
"pad_0.85","2026-02","day","HEAT_MIN_VENT","4","1.1904761904761905"
"pad_0.85","2026-02","night","HEAT_MIN_VENT","3","0.8928571428571429"
"pad_0.85","all","all","PAD_INEFFECTIVE_DEHU_NEEDED","2307","37.90044356826023"
"pad_0.85","2026-02","all","PAD_INEFFECTIVE_DEHU_NEEDED","1","0.1488095238095238"
"pad_0.85","all","night","PAD_INEFFECTIVE_DEHU_NEEDED","1510","49.638395792241944"
"pad_0.85","2026-02","night","PAD_INEFFECTIVE_DEHU_NEEDED","1","0.2976190476190476"
"pad_0.85","all","all","PAD_EFFECTIVE","61","1.0021356990307213"
"pad_0.85","2026-02","all","PAD_EFFECTIVE","2","0.2976190476190476"
"pad_0.85","all","night","PAD_EFFECTIVE","51","1.6765285996055226"
"pad_0.85","2026-02","night","PAD_EFFECTIVE","2","0.5952380952380952"
"pad_0.85","2026-03","all","HEAT_MAJOR_VENT_DRY","418","56.258411843876175"
"pad_0.85","2026-03","night","HEAT_MAJOR_VENT_DRY","211","56.8733153638814"
"pad_0.85","2026-03","day","HEAT_MAJOR_VENT_DRY","207","55.645161290322584"
"pad_0.85","2026-03","all","HEAT_MIN_VENT","10","1.3458950201884252"
"pad_0.85","2026-03","day","HEAT_MIN_VENT","9","2.4193548387096775"
"pad_0.85","2026-03","all","PASSIVE_VENT_COOL_DRY","74","9.959623149394348"
"pad_0.85","2026-03","day","PASSIVE_VENT_COOL_DRY","65","17.473118279569892"
"pad_0.85","2026-03","all","PASSIVE_HUMIDIFY_OPPORTUNITY","61","8.209959623149395"
"pad_0.85","all","day","PASSIVE_HUMIDIFY_OPPORTUNITY","77","2.528735632183908"
"pad_0.85","2026-03","day","PASSIVE_HUMIDIFY_OPPORTUNITY","27","7.258064516129032"
"pad_0.85","2026-03","all","PAD_INEFFECTIVE_DEHU_NEEDED","97","13.055181695827725"
"pad_0.85","2026-03","night","PAD_INEFFECTIVE_DEHU_NEEDED","76","20.485175202156334"
"pad_0.85","2026-03","all","PASSIVE_VENT_COOL_HUMID","20","2.6917900403768504"
"pad_0.85","all","day","PASSIVE_VENT_COOL_HUMID","398","13.070607553366173"
"pad_0.85","2026-03","day","PASSIVE_VENT_COOL_HUMID","20","5.376344086021505"
"pad_0.85","2026-03","all","NEUTRAL_MIN_VENT","13","1.749663526244953"
"pad_0.85","2026-03","night","NEUTRAL_MIN_VENT","7","1.8867924528301887"
"pad_0.85","2026-03","night","PASSIVE_HUMIDIFY_OPPORTUNITY","34","9.164420485175203"
"pad_0.85","2026-03","night","HEAT_MIN_VENT","1","0.2695417789757412"
"pad_0.85","2026-03","all","PAD_EFFECTIVE","30","4.037685060565276"
"pad_0.85","2026-03","night","PAD_EFFECTIVE","22","5.929919137466308"
"pad_0.85","2026-03","all","ACTIVE_HUMIDIFICATION_LIKELY","20","2.6917900403768504"
"pad_0.85","2026-03","night","ACTIVE_HUMIDIFICATION_LIKELY","11","2.964959568733154"
"pad_0.85","2026-03","night","PASSIVE_VENT_COOL_DRY","9","2.4258760107816713"
"pad_0.85","all","day","NEUTRAL_MIN_VENT","344","11.29720853858785"
"pad_0.85","2026-03","day","NEUTRAL_MIN_VENT","6","1.6129032258064515"
"pad_0.85","2026-03","day","ACTIVE_HUMIDIFICATION_LIKELY","9","2.4193548387096775"
"pad_0.85","all","day","PAD_EFFECTIVE","10","0.3284072249589491"
"pad_0.85","2026-03","day","PAD_EFFECTIVE","8","2.150537634408602"
"pad_0.85","all","day","PAD_INEFFECTIVE_DEHU_NEEDED","797","26.174055829228244"
"pad_0.85","2026-03","day","PAD_INEFFECTIVE_DEHU_NEEDED","21","5.645161290322581"
"pad_0.85","2026-04","all","PAD_INEFFECTIVE_DEHU_NEEDED","121","16.805555555555557"
"pad_0.85","2026-04","night","PAD_INEFFECTIVE_DEHU_NEEDED","114","31.666666666666668"
"pad_0.85","2026-04","all","PASSIVE_VENT_COOL_DRY","62","8.61111111111111"
"pad_0.85","2026-04","day","PASSIVE_VENT_COOL_DRY","54","15"
"pad_0.85","2026-04","all","PASSIVE_HUMIDIFY_OPPORTUNITY","27","3.75"
"pad_0.85","2026-04","day","PASSIVE_HUMIDIFY_OPPORTUNITY","15","4.166666666666667"
"pad_0.85","2026-04","all","PASSIVE_VENT_COOL_HUMID","107","14.86111111111111"
"pad_0.85","2026-04","day","PASSIVE_VENT_COOL_HUMID","105","29.166666666666668"
"pad_0.85","2026-04","all","NEUTRAL_MIN_VENT","68","9.444444444444445"
"pad_0.85","2026-04","day","NEUTRAL_MIN_VENT","32","8.88888888888889"
"pad_0.85","2026-04","night","NEUTRAL_MIN_VENT","36","10"
"pad_0.85","2026-04","all","HEAT_VENT_HUMID","36","5"
"pad_0.85","2026-04","day","HEAT_VENT_HUMID","21","5.833333333333333"
"pad_0.85","2026-04","day","PAD_INEFFECTIVE_DEHU_NEEDED","7","1.9444444444444444"
"pad_0.85","all","all","PAD_MARGINAL","1","0.016428454082470838"
"pad_0.85","2026-04","all","PAD_MARGINAL","1","0.1388888888888889"
"pad_0.85","all","night","PAD_MARGINAL","1","0.03287310979618672"
"pad_0.85","2026-04","night","PAD_MARGINAL","1","0.2777777777777778"
"pad_0.85","2026-04","all","MISSING_DATA","4","0.5555555555555556"
"pad_0.85","2026-04","night","MISSING_DATA","4","1.1111111111111112"
"pad_0.85","2026-04","all","HEAT_MAJOR_VENT_DRY","234","32.5"
"pad_0.85","2026-04","night","HEAT_MAJOR_VENT_DRY","122","33.888888888888886"
"pad_0.85","2026-04","day","HEAT_MAJOR_VENT_DRY","112","31.11111111111111"
"pad_0.85","2026-04","all","ACTIVE_HUMIDIFICATION_LIKELY","15","2.0833333333333335"
"pad_0.85","2026-04","night","ACTIVE_HUMIDIFICATION_LIKELY","15","4.166666666666667"
"pad_0.85","2026-04","night","PASSIVE_VENT_COOL_DRY","8","2.2222222222222223"
"pad_0.85","2026-04","all","PAD_EFFECTIVE","8","1.1111111111111112"
"pad_0.85","2026-04","night","PAD_EFFECTIVE","8","2.2222222222222223"
"pad_0.85","2026-04","night","PASSIVE_HUMIDIFY_OPPORTUNITY","12","3.3333333333333335"
"pad_0.85","2026-04","all","HEAT_MIN_VENT","37","5.138888888888889"
"pad_0.85","2026-04","day","HEAT_MIN_VENT","14","3.888888888888889"
"pad_0.85","2026-04","night","PASSIVE_VENT_COOL_HUMID","2","0.5555555555555556"
"pad_0.85","all","night","HEAT_VENT_HUMID","24","0.7889546351084813"
"pad_0.85","2026-04","night","HEAT_VENT_HUMID","15","4.166666666666667"
"pad_0.85","2026-04","night","HEAT_MIN_VENT","23","6.388888888888889"
"pad_0.85","2026-05","all","HEAT_MAJOR_VENT_DRY","175","23.521505376344088"
"pad_0.85","2026-05","night","HEAT_MAJOR_VENT_DRY","78","20.967741935483872"
"pad_0.85","2026-05","day","HEAT_MAJOR_VENT_DRY","97","26.0752688172043"
"pad_0.85","2026-05","all","PASSIVE_VENT_COOL_DRY","53","7.123655913978495"
"pad_0.85","2026-05","day","PASSIVE_VENT_COOL_DRY","45","12.096774193548388"
"pad_0.85","2026-05","all","ACTIVE_HUMIDIFICATION_LIKELY","29","3.8978494623655915"
"pad_0.85","2026-05","night","ACTIVE_HUMIDIFICATION_LIKELY","7","1.881720430107527"
"pad_0.85","2026-05","night","PASSIVE_VENT_COOL_DRY","8","2.150537634408602"
"pad_0.85","2026-05","all","NEUTRAL_MIN_VENT","102","13.709677419354838"
"pad_0.85","2026-05","day","NEUTRAL_MIN_VENT","58","15.591397849462366"
"pad_0.85","2026-05","day","ACTIVE_HUMIDIFICATION_LIKELY","22","5.913978494623656"
"pad_0.85","2026-05","all","PAD_EFFECTIVE","21","2.8225806451612905"
"pad_0.85","2026-05","day","PAD_EFFECTIVE","2","0.5376344086021505"
"pad_0.85","2026-05","night","PAD_EFFECTIVE","19","5.10752688172043"
"pad_0.85","2026-05","all","PASSIVE_HUMIDIFY_OPPORTUNITY","46","6.182795698924731"
"pad_0.85","2026-05","night","PASSIVE_HUMIDIFY_OPPORTUNITY","29","7.795698924731183"
"pad_0.85","2026-05","day","PASSIVE_HUMIDIFY_OPPORTUNITY","17","4.56989247311828"
"pad_0.85","2026-05","all","PAD_INEFFECTIVE_DEHU_NEEDED","181","24.327956989247312"
"pad_0.85","2026-05","night","PAD_INEFFECTIVE_DEHU_NEEDED","142","38.17204301075269"
"pad_0.85","2026-05","night","NEUTRAL_MIN_VENT","44","11.827956989247312"
"pad_0.85","2026-05","all","HEAT_MIN_VENT","39","5.241935483870968"
"pad_0.85","2026-05","day","HEAT_MIN_VENT","12","3.225806451612903"
"pad_0.85","2026-05","all","PASSIVE_VENT_COOL_HUMID","65","8.736559139784946"
"pad_0.85","2026-05","night","PASSIVE_VENT_COOL_HUMID","7","1.881720430107527"
"pad_0.85","2026-05","all","HEAT_VENT_HUMID","31","4.166666666666667"
"pad_0.85","2026-05","night","HEAT_VENT_HUMID","9","2.4193548387096775"
"pad_0.85","2026-05","night","HEAT_MIN_VENT","27","7.258064516129032"
"pad_0.85","2026-05","day","PASSIVE_VENT_COOL_HUMID","58","15.591397849462366"
"pad_0.85","2026-05","day","PAD_INEFFECTIVE_DEHU_NEEDED","39","10.483870967741936"
"pad_0.85","2026-05","all","MISSING_DATA","2","0.26881720430107525"
"pad_0.85","2026-05","night","MISSING_DATA","2","0.5376344086021505"
"pad_0.85","2026-05","day","HEAT_VENT_HUMID","22","5.913978494623656"
"pad_0.85","2026-06","all","PAD_INEFFECTIVE_DEHU_NEEDED","439","60.97222222222222"
"pad_0.85","2026-06","night","PAD_INEFFECTIVE_DEHU_NEEDED","318","88.33333333333333"
"pad_0.85","2026-06","all","PASSIVE_VENT_COOL_HUMID","122","16.944444444444443"
"pad_0.85","2026-06","day","PASSIVE_VENT_COOL_HUMID","122","33.888888888888886"
"pad_0.85","2026-06","all","NEUTRAL_MIN_VENT","125","17.36111111111111"
"pad_0.85","2026-06","day","NEUTRAL_MIN_VENT","90","25"
"pad_0.85","2026-06","day","PAD_INEFFECTIVE_DEHU_NEEDED","121","33.611111111111114"
"pad_0.85","2026-06","night","NEUTRAL_MIN_VENT","35","9.722222222222221"
"pad_0.85","2026-06","all","PASSIVE_VENT_COOL_DRY","10","1.3888888888888888"
"pad_0.85","2026-06","day","PASSIVE_VENT_COOL_DRY","10","2.7777777777777777"
"pad_0.85","2026-06","all","PASSIVE_HUMIDIFY_OPPORTUNITY","19","2.638888888888889"
"pad_0.85","2026-06","day","PASSIVE_HUMIDIFY_OPPORTUNITY","12","3.3333333333333335"
"pad_0.85","2026-06","all","HEAT_VENT_HUMID","3","0.4166666666666667"
"pad_0.85","2026-06","day","HEAT_VENT_HUMID","3","0.8333333333333334"
"pad_0.85","2026-06","all","ACTIVE_HUMIDIFICATION_LIKELY","2","0.2777777777777778"
"pad_0.85","2026-06","day","ACTIVE_HUMIDIFICATION_LIKELY","2","0.5555555555555556"
"pad_0.85","2026-06","night","PASSIVE_HUMIDIFY_OPPORTUNITY","7","1.9444444444444444"
"pad_0.85","2026-07","all","PAD_INEFFECTIVE_DEHU_NEEDED","621","83.46774193548387"
"pad_0.85","2026-07","night","PAD_INEFFECTIVE_DEHU_NEEDED","370","99.46236559139786"
"pad_0.85","2026-07","all","PASSIVE_VENT_COOL_HUMID","34","4.56989247311828"
"pad_0.85","2026-07","day","PASSIVE_VENT_COOL_HUMID","34","9.13978494623656"
"pad_0.85","2026-07","all","NEUTRAL_MIN_VENT","87","11.693548387096774"
"pad_0.85","2026-07","day","NEUTRAL_MIN_VENT","85","22.849462365591396"
"pad_0.85","2026-07","day","PAD_INEFFECTIVE_DEHU_NEEDED","251","67.47311827956989"
"pad_0.85","2026-07","night","NEUTRAL_MIN_VENT","2","0.5376344086021505"
"pad_0.85","2026-07","all","MISSING_DATA","2","0.26881720430107525"
"pad_0.85","2026-07","day","MISSING_DATA","2","0.5376344086021505"
"pad_0.85","2026-08","all","PAD_INEFFECTIVE_DEHU_NEEDED","633","85.08064516129032"
"pad_0.85","2026-08","night","PAD_INEFFECTIVE_DEHU_NEEDED","365","98.11827956989248"
"pad_0.85","2026-08","all","PASSIVE_VENT_COOL_DRY","4","0.5376344086021505"
"pad_0.85","2026-08","day","PASSIVE_VENT_COOL_DRY","4","1.075268817204301"
"pad_0.85","2026-08","all","PASSIVE_HUMIDIFY_OPPORTUNITY","10","1.3440860215053763"
"pad_0.85","2026-08","day","PASSIVE_HUMIDIFY_OPPORTUNITY","6","1.6129032258064515"
"pad_0.85","2026-08","day","PAD_INEFFECTIVE_DEHU_NEEDED","268","72.04301075268818"
"pad_0.85","2026-08","all","NEUTRAL_MIN_VENT","54","7.258064516129032"
"pad_0.85","2026-08","night","NEUTRAL_MIN_VENT","3","0.8064516129032258"
"pad_0.85","2026-08","all","PASSIVE_VENT_COOL_HUMID","42","5.645161290322581"
"pad_0.85","2026-08","day","PASSIVE_VENT_COOL_HUMID","42","11.290322580645162"
"pad_0.85","2026-08","day","NEUTRAL_MIN_VENT","51","13.709677419354838"
"pad_0.85","2026-08","night","PASSIVE_HUMIDIFY_OPPORTUNITY","4","1.075268817204301"
"pad_0.85","2026-08","all","HEAT_MIN_VENT","1","0.13440860215053763"
"pad_0.85","2026-08","day","HEAT_MIN_VENT","1","0.26881720430107525"
"pad_0.85","2026-09","all","PAD_INEFFECTIVE_DEHU_NEEDED","214","83.59375"
"pad_0.85","2026-09","night","PAD_INEFFECTIVE_DEHU_NEEDED","124","97.63779527559055"
"pad_0.85","2026-09","all","NEUTRAL_MIN_VENT","24","9.375"
"pad_0.85","2026-09","day","NEUTRAL_MIN_VENT","22","17.05426356589147"
"pad_0.85","2026-09","day","PAD_INEFFECTIVE_DEHU_NEEDED","90","69.76744186046511"
"pad_0.85","2026-09","all","PASSIVE_VENT_COOL_HUMID","17","6.640625"
"pad_0.85","2026-09","day","PASSIVE_VENT_COOL_HUMID","17","13.178294573643411"
"pad_0.85","2026-09","all","MISSING_DATA","1","0.390625"
"pad_0.85","2026-09","night","MISSING_DATA","1","0.7874015748031497"
"pad_0.85","2026-09","night","NEUTRAL_MIN_VENT","2","1.5748031496062993"
"pad_0.9","all","all","HEAT_MAJOR_VENT_DRY","2086","34.26975521603417"
"pad_0.9","2026-01","all","HEAT_MAJOR_VENT_DRY","710","95.43010752688173"
"pad_0.9","all","night","HEAT_MAJOR_VENT_DRY","1068","35.108481262327416"
"pad_0.9","2026-01","night","HEAT_MAJOR_VENT_DRY","362","97.31182795698925"
"pad_0.9","all","day","HEAT_MAJOR_VENT_DRY","1018","33.431855500821015"
"pad_0.9","2026-01","day","HEAT_MAJOR_VENT_DRY","348","93.54838709677419"
"pad_0.9","all","all","PASSIVE_VENT_COOL_DRY","302","4.961393132906194"
"pad_0.9","2026-01","all","PASSIVE_VENT_COOL_DRY","21","2.8225806451612905"
"pad_0.9","all","day","PASSIVE_VENT_COOL_DRY","268","8.801313628899836"
"pad_0.9","2026-01","day","PASSIVE_VENT_COOL_DRY","20","5.376344086021505"
"pad_0.9","all","night","PASSIVE_VENT_COOL_DRY","34","1.1176857330703485"
"pad_0.9","2026-01","night","PASSIVE_VENT_COOL_DRY","1","0.26881720430107525"
"pad_0.9","all","all","HEAT_MIN_VENT","97","1.5935600459996715"
"pad_0.9","2026-01","all","HEAT_MIN_VENT","3","0.4032258064516129"
"pad_0.9","all","night","HEAT_MIN_VENT","56","1.8408941485864563"
"pad_0.9","2026-01","night","HEAT_MIN_VENT","2","0.5376344086021505"
"pad_0.9","all","all","PASSIVE_VENT_COOL_HUMID","408","6.702809265648103"
"pad_0.9","2026-01","all","PASSIVE_VENT_COOL_HUMID","1","0.13440860215053763"
"pad_0.9","all","night","PASSIVE_VENT_COOL_HUMID","10","0.32873109796186717"
"pad_0.9","2026-01","night","PASSIVE_VENT_COOL_HUMID","1","0.26881720430107525"
"pad_0.9","all","day","HEAT_MIN_VENT","41","1.3464696223316912"
"pad_0.9","2026-01","day","HEAT_MIN_VENT","1","0.26881720430107525"
"pad_0.9","all","all","HEAT_VENT_HUMID","73","1.1992771480203712"
"pad_0.9","2026-01","all","HEAT_VENT_HUMID","3","0.4032258064516129"
"pad_0.9","all","day","HEAT_VENT_HUMID","49","1.6091954022988506"
"pad_0.9","2026-01","day","HEAT_VENT_HUMID","3","0.8064516129032258"
"pad_0.9","all","all","NEUTRAL_MIN_VENT","477","7.83637259733859"
"pad_0.9","2026-01","all","NEUTRAL_MIN_VENT","1","0.13440860215053763"
"pad_0.9","all","night","NEUTRAL_MIN_VENT","133","4.372123602892834"
"pad_0.9","2026-01","night","NEUTRAL_MIN_VENT","1","0.26881720430107525"
"pad_0.9","all","all","MISSING_DATA","23","0.3778544438968293"
"pad_0.9","2026-01","all","MISSING_DATA","4","0.5376344086021505"
"pad_0.9","all","night","MISSING_DATA","18","0.591715976331361"
"pad_0.9","2026-01","night","MISSING_DATA","4","1.075268817204301"
"pad_0.9","all","all","ACTIVE_HUMIDIFICATION_LIKELY","80","1.3142763265976671"
"pad_0.9","2026-01","all","ACTIVE_HUMIDIFICATION_LIKELY","1","0.13440860215053763"
"pad_0.9","all","night","ACTIVE_HUMIDIFICATION_LIKELY","42","1.3806706114398422"
"pad_0.9","2026-01","night","ACTIVE_HUMIDIFICATION_LIKELY","1","0.26881720430107525"
"pad_0.9","2026-02","all","HEAT_MAJOR_VENT_DRY","549","81.69642857142857"
"pad_0.9","2026-02","night","HEAT_MAJOR_VENT_DRY","295","87.79761904761905"
"pad_0.9","2026-02","day","HEAT_MAJOR_VENT_DRY","254","75.5952380952381"
"pad_0.9","2026-02","all","MISSING_DATA","10","1.4880952380952381"
"pad_0.9","all","day","MISSING_DATA","5","0.16420361247947454"
"pad_0.9","2026-02","day","MISSING_DATA","3","0.8928571428571429"
"pad_0.9","2026-02","all","PASSIVE_VENT_COOL_DRY","78","11.607142857142858"
"pad_0.9","2026-02","day","PASSIVE_VENT_COOL_DRY","70","20.833333333333332"
"pad_0.9","2026-02","all","ACTIVE_HUMIDIFICATION_LIKELY","13","1.9345238095238095"
"pad_0.9","all","day","ACTIVE_HUMIDIFICATION_LIKELY","38","1.2479474548440066"
"pad_0.9","2026-02","day","ACTIVE_HUMIDIFICATION_LIKELY","5","1.4880952380952381"
"pad_0.9","2026-02","night","ACTIVE_HUMIDIFICATION_LIKELY","8","2.380952380952381"
"pad_0.9","2026-02","all","NEUTRAL_MIN_VENT","3","0.44642857142857145"
"pad_0.9","2026-02","night","NEUTRAL_MIN_VENT","3","0.8928571428571429"
"pad_0.9","all","all","PASSIVE_HUMIDIFY_OPPORTUNITY","172","2.8256941021849844"
"pad_0.9","2026-02","all","PASSIVE_HUMIDIFY_OPPORTUNITY","9","1.3392857142857142"
"pad_0.9","all","night","PASSIVE_HUMIDIFY_OPPORTUNITY","95","3.1229454306377384"
"pad_0.9","2026-02","night","PASSIVE_HUMIDIFY_OPPORTUNITY","9","2.6785714285714284"
"pad_0.9","2026-02","night","PASSIVE_VENT_COOL_DRY","8","2.380952380952381"
"pad_0.9","2026-02","night","MISSING_DATA","7","2.0833333333333335"
"pad_0.9","2026-02","all","HEAT_MIN_VENT","7","1.0416666666666667"
"pad_0.9","2026-02","day","HEAT_MIN_VENT","4","1.1904761904761905"
"pad_0.9","2026-02","night","HEAT_MIN_VENT","3","0.8928571428571429"
"pad_0.9","all","all","PAD_INEFFECTIVE_DEHU_NEEDED","2310","37.94972893050764"
"pad_0.9","2026-02","all","PAD_INEFFECTIVE_DEHU_NEEDED","1","0.1488095238095238"
"pad_0.9","all","night","PAD_INEFFECTIVE_DEHU_NEEDED","1512","49.70414201183432"
"pad_0.9","2026-02","night","PAD_INEFFECTIVE_DEHU_NEEDED","1","0.2976190476190476"
"pad_0.9","all","all","PAD_EFFECTIVE","59","0.9692787908657795"
"pad_0.9","2026-02","all","PAD_EFFECTIVE","2","0.2976190476190476"
"pad_0.9","all","night","PAD_EFFECTIVE","50","1.643655489809336"
"pad_0.9","2026-02","night","PAD_EFFECTIVE","2","0.5952380952380952"
"pad_0.9","2026-03","all","HEAT_MAJOR_VENT_DRY","418","56.258411843876175"
"pad_0.9","2026-03","night","HEAT_MAJOR_VENT_DRY","211","56.8733153638814"
"pad_0.9","2026-03","day","HEAT_MAJOR_VENT_DRY","207","55.645161290322584"
"pad_0.9","2026-03","all","HEAT_MIN_VENT","10","1.3458950201884252"
"pad_0.9","2026-03","day","HEAT_MIN_VENT","9","2.4193548387096775"
"pad_0.9","2026-03","all","PASSIVE_VENT_COOL_DRY","74","9.959623149394348"
"pad_0.9","2026-03","day","PASSIVE_VENT_COOL_DRY","65","17.473118279569892"
"pad_0.9","2026-03","all","PASSIVE_HUMIDIFY_OPPORTUNITY","61","8.209959623149395"
"pad_0.9","all","day","PASSIVE_HUMIDIFY_OPPORTUNITY","77","2.528735632183908"
"pad_0.9","2026-03","day","PASSIVE_HUMIDIFY_OPPORTUNITY","27","7.258064516129032"
"pad_0.9","2026-03","all","PAD_INEFFECTIVE_DEHU_NEEDED","99","13.32436069986541"
"pad_0.9","2026-03","night","PAD_INEFFECTIVE_DEHU_NEEDED","77","20.754716981132077"
"pad_0.9","2026-03","all","PASSIVE_VENT_COOL_HUMID","20","2.6917900403768504"
"pad_0.9","all","day","PASSIVE_VENT_COOL_HUMID","398","13.070607553366173"
"pad_0.9","2026-03","day","PASSIVE_VENT_COOL_HUMID","20","5.376344086021505"
"pad_0.9","2026-03","all","NEUTRAL_MIN_VENT","13","1.749663526244953"
"pad_0.9","2026-03","night","NEUTRAL_MIN_VENT","7","1.8867924528301887"
"pad_0.9","2026-03","night","PASSIVE_HUMIDIFY_OPPORTUNITY","34","9.164420485175203"
"pad_0.9","2026-03","night","HEAT_MIN_VENT","1","0.2695417789757412"
"pad_0.9","2026-03","all","PAD_EFFECTIVE","28","3.768506056527591"
"pad_0.9","2026-03","night","PAD_EFFECTIVE","21","5.660377358490566"
"pad_0.9","2026-03","all","ACTIVE_HUMIDIFICATION_LIKELY","20","2.6917900403768504"
"pad_0.9","2026-03","night","ACTIVE_HUMIDIFICATION_LIKELY","11","2.964959568733154"
"pad_0.9","2026-03","night","PASSIVE_VENT_COOL_DRY","9","2.4258760107816713"
"pad_0.9","all","day","NEUTRAL_MIN_VENT","344","11.29720853858785"
"pad_0.9","2026-03","day","NEUTRAL_MIN_VENT","6","1.6129032258064515"
"pad_0.9","2026-03","day","ACTIVE_HUMIDIFICATION_LIKELY","9","2.4193548387096775"
"pad_0.9","all","day","PAD_EFFECTIVE","9","0.2955665024630542"
"pad_0.9","2026-03","day","PAD_EFFECTIVE","7","1.881720430107527"
"pad_0.9","all","day","PAD_INEFFECTIVE_DEHU_NEEDED","798","26.20689655172414"
"pad_0.9","2026-03","day","PAD_INEFFECTIVE_DEHU_NEEDED","22","5.913978494623656"
"pad_0.9","2026-04","all","PAD_INEFFECTIVE_DEHU_NEEDED","122","16.944444444444443"
"pad_0.9","2026-04","night","PAD_INEFFECTIVE_DEHU_NEEDED","115","31.944444444444443"
"pad_0.9","2026-04","all","PASSIVE_VENT_COOL_DRY","62","8.61111111111111"
"pad_0.9","2026-04","day","PASSIVE_VENT_COOL_DRY","54","15"
"pad_0.9","2026-04","all","PASSIVE_HUMIDIFY_OPPORTUNITY","27","3.75"
"pad_0.9","2026-04","day","PASSIVE_HUMIDIFY_OPPORTUNITY","15","4.166666666666667"
"pad_0.9","2026-04","all","PASSIVE_VENT_COOL_HUMID","107","14.86111111111111"
"pad_0.9","2026-04","day","PASSIVE_VENT_COOL_HUMID","105","29.166666666666668"
"pad_0.9","2026-04","all","NEUTRAL_MIN_VENT","68","9.444444444444445"
"pad_0.9","2026-04","day","NEUTRAL_MIN_VENT","32","8.88888888888889"
"pad_0.9","2026-04","night","NEUTRAL_MIN_VENT","36","10"
"pad_0.9","2026-04","all","HEAT_VENT_HUMID","36","5"
"pad_0.9","2026-04","day","HEAT_VENT_HUMID","21","5.833333333333333"
"pad_0.9","2026-04","day","PAD_INEFFECTIVE_DEHU_NEEDED","7","1.9444444444444444"
"pad_0.9","2026-04","all","MISSING_DATA","4","0.5555555555555556"
"pad_0.9","2026-04","night","MISSING_DATA","4","1.1111111111111112"
"pad_0.9","2026-04","all","HEAT_MAJOR_VENT_DRY","234","32.5"
"pad_0.9","2026-04","night","HEAT_MAJOR_VENT_DRY","122","33.888888888888886"
"pad_0.9","2026-04","day","HEAT_MAJOR_VENT_DRY","112","31.11111111111111"
"pad_0.9","2026-04","all","ACTIVE_HUMIDIFICATION_LIKELY","15","2.0833333333333335"
"pad_0.9","2026-04","night","ACTIVE_HUMIDIFICATION_LIKELY","15","4.166666666666667"
"pad_0.9","2026-04","night","PASSIVE_VENT_COOL_DRY","8","2.2222222222222223"
"pad_0.9","2026-04","all","PAD_EFFECTIVE","8","1.1111111111111112"
"pad_0.9","2026-04","night","PAD_EFFECTIVE","8","2.2222222222222223"
"pad_0.9","2026-04","night","PASSIVE_HUMIDIFY_OPPORTUNITY","12","3.3333333333333335"
"pad_0.9","2026-04","all","HEAT_MIN_VENT","37","5.138888888888889"
"pad_0.9","2026-04","day","HEAT_MIN_VENT","14","3.888888888888889"
"pad_0.9","2026-04","night","PASSIVE_VENT_COOL_HUMID","2","0.5555555555555556"
"pad_0.9","all","night","HEAT_VENT_HUMID","24","0.7889546351084813"
"pad_0.9","2026-04","night","HEAT_VENT_HUMID","15","4.166666666666667"
"pad_0.9","2026-04","night","HEAT_MIN_VENT","23","6.388888888888889"
"pad_0.9","2026-05","all","HEAT_MAJOR_VENT_DRY","175","23.521505376344088"
"pad_0.9","2026-05","night","HEAT_MAJOR_VENT_DRY","78","20.967741935483872"
"pad_0.9","2026-05","day","HEAT_MAJOR_VENT_DRY","97","26.0752688172043"
"pad_0.9","2026-05","all","PASSIVE_VENT_COOL_DRY","53","7.123655913978495"
"pad_0.9","2026-05","day","PASSIVE_VENT_COOL_DRY","45","12.096774193548388"
"pad_0.9","2026-05","all","ACTIVE_HUMIDIFICATION_LIKELY","29","3.8978494623655915"
"pad_0.9","2026-05","night","ACTIVE_HUMIDIFICATION_LIKELY","7","1.881720430107527"
"pad_0.9","2026-05","night","PASSIVE_VENT_COOL_DRY","8","2.150537634408602"
"pad_0.9","2026-05","all","NEUTRAL_MIN_VENT","102","13.709677419354838"
"pad_0.9","2026-05","day","NEUTRAL_MIN_VENT","58","15.591397849462366"
"pad_0.9","2026-05","day","ACTIVE_HUMIDIFICATION_LIKELY","22","5.913978494623656"
"pad_0.9","2026-05","all","PAD_EFFECTIVE","21","2.8225806451612905"
"pad_0.9","2026-05","day","PAD_EFFECTIVE","2","0.5376344086021505"
"pad_0.9","2026-05","night","PAD_EFFECTIVE","19","5.10752688172043"
"pad_0.9","2026-05","all","PASSIVE_HUMIDIFY_OPPORTUNITY","46","6.182795698924731"
"pad_0.9","2026-05","night","PASSIVE_HUMIDIFY_OPPORTUNITY","29","7.795698924731183"
"pad_0.9","2026-05","day","PASSIVE_HUMIDIFY_OPPORTUNITY","17","4.56989247311828"
"pad_0.9","2026-05","all","PAD_INEFFECTIVE_DEHU_NEEDED","181","24.327956989247312"
"pad_0.9","2026-05","night","PAD_INEFFECTIVE_DEHU_NEEDED","142","38.17204301075269"
"pad_0.9","2026-05","night","NEUTRAL_MIN_VENT","44","11.827956989247312"
"pad_0.9","2026-05","all","HEAT_MIN_VENT","39","5.241935483870968"
"pad_0.9","2026-05","day","HEAT_MIN_VENT","12","3.225806451612903"
"pad_0.9","2026-05","all","PASSIVE_VENT_COOL_HUMID","65","8.736559139784946"
"pad_0.9","2026-05","night","PASSIVE_VENT_COOL_HUMID","7","1.881720430107527"
"pad_0.9","2026-05","all","HEAT_VENT_HUMID","31","4.166666666666667"
"pad_0.9","2026-05","night","HEAT_VENT_HUMID","9","2.4193548387096775"
"pad_0.9","2026-05","night","HEAT_MIN_VENT","27","7.258064516129032"
"pad_0.9","2026-05","day","PASSIVE_VENT_COOL_HUMID","58","15.591397849462366"
"pad_0.9","2026-05","day","PAD_INEFFECTIVE_DEHU_NEEDED","39","10.483870967741936"
"pad_0.9","2026-05","all","MISSING_DATA","2","0.26881720430107525"
"pad_0.9","2026-05","night","MISSING_DATA","2","0.5376344086021505"
"pad_0.9","2026-05","day","HEAT_VENT_HUMID","22","5.913978494623656"
"pad_0.9","2026-06","all","PAD_INEFFECTIVE_DEHU_NEEDED","439","60.97222222222222"
"pad_0.9","2026-06","night","PAD_INEFFECTIVE_DEHU_NEEDED","318","88.33333333333333"
"pad_0.9","2026-06","all","PASSIVE_VENT_COOL_HUMID","122","16.944444444444443"
"pad_0.9","2026-06","day","PASSIVE_VENT_COOL_HUMID","122","33.888888888888886"
"pad_0.9","2026-06","all","NEUTRAL_MIN_VENT","125","17.36111111111111"
"pad_0.9","2026-06","day","NEUTRAL_MIN_VENT","90","25"
"pad_0.9","2026-06","day","PAD_INEFFECTIVE_DEHU_NEEDED","121","33.611111111111114"
"pad_0.9","2026-06","night","NEUTRAL_MIN_VENT","35","9.722222222222221"
"pad_0.9","2026-06","all","PASSIVE_VENT_COOL_DRY","10","1.3888888888888888"
"pad_0.9","2026-06","day","PASSIVE_VENT_COOL_DRY","10","2.7777777777777777"
"pad_0.9","2026-06","all","PASSIVE_HUMIDIFY_OPPORTUNITY","19","2.638888888888889"
"pad_0.9","2026-06","day","PASSIVE_HUMIDIFY_OPPORTUNITY","12","3.3333333333333335"
"pad_0.9","2026-06","all","HEAT_VENT_HUMID","3","0.4166666666666667"
"pad_0.9","2026-06","day","HEAT_VENT_HUMID","3","0.8333333333333334"
"pad_0.9","2026-06","all","ACTIVE_HUMIDIFICATION_LIKELY","2","0.2777777777777778"
"pad_0.9","2026-06","day","ACTIVE_HUMIDIFICATION_LIKELY","2","0.5555555555555556"
"pad_0.9","2026-06","night","PASSIVE_HUMIDIFY_OPPORTUNITY","7","1.9444444444444444"
"pad_0.9","2026-07","all","PAD_INEFFECTIVE_DEHU_NEEDED","621","83.46774193548387"
"pad_0.9","2026-07","night","PAD_INEFFECTIVE_DEHU_NEEDED","370","99.46236559139786"
"pad_0.9","2026-07","all","PASSIVE_VENT_COOL_HUMID","34","4.56989247311828"
"pad_0.9","2026-07","day","PASSIVE_VENT_COOL_HUMID","34","9.13978494623656"
"pad_0.9","2026-07","all","NEUTRAL_MIN_VENT","87","11.693548387096774"
"pad_0.9","2026-07","day","NEUTRAL_MIN_VENT","85","22.849462365591396"
"pad_0.9","2026-07","day","PAD_INEFFECTIVE_DEHU_NEEDED","251","67.47311827956989"
"pad_0.9","2026-07","night","NEUTRAL_MIN_VENT","2","0.5376344086021505"
"pad_0.9","2026-07","all","MISSING_DATA","2","0.26881720430107525"
"pad_0.9","2026-07","day","MISSING_DATA","2","0.5376344086021505"
"pad_0.9","2026-08","all","PAD_INEFFECTIVE_DEHU_NEEDED","633","85.08064516129032"
"pad_0.9","2026-08","night","PAD_INEFFECTIVE_DEHU_NEEDED","365","98.11827956989248"
"pad_0.9","2026-08","all","PASSIVE_VENT_COOL_DRY","4","0.5376344086021505"
"pad_0.9","2026-08","day","PASSIVE_VENT_COOL_DRY","4","1.075268817204301"
"pad_0.9","2026-08","all","PASSIVE_HUMIDIFY_OPPORTUNITY","10","1.3440860215053763"
"pad_0.9","2026-08","day","PASSIVE_HUMIDIFY_OPPORTUNITY","6","1.6129032258064515"
"pad_0.9","2026-08","day","PAD_INEFFECTIVE_DEHU_NEEDED","268","72.04301075268818"
"pad_0.9","2026-08","all","NEUTRAL_MIN_VENT","54","7.258064516129032"
"pad_0.9","2026-08","night","NEUTRAL_MIN_VENT","3","0.8064516129032258"
"pad_0.9","2026-08","all","PASSIVE_VENT_COOL_HUMID","42","5.645161290322581"
"pad_0.9","2026-08","day","PASSIVE_VENT_COOL_HUMID","42","11.290322580645162"
"pad_0.9","2026-08","day","NEUTRAL_MIN_VENT","51","13.709677419354838"
"pad_0.9","2026-08","night","PASSIVE_HUMIDIFY_OPPORTUNITY","4","1.075268817204301"
"pad_0.9","2026-08","all","HEAT_MIN_VENT","1","0.13440860215053763"
"pad_0.9","2026-08","day","HEAT_MIN_VENT","1","0.26881720430107525"
"pad_0.9","2026-09","all","PAD_INEFFECTIVE_DEHU_NEEDED","214","83.59375"
"pad_0.9","2026-09","night","PAD_INEFFECTIVE_DEHU_NEEDED","124","97.63779527559055"
"pad_0.9","2026-09","all","NEUTRAL_MIN_VENT","24","9.375"
"pad_0.9","2026-09","day","NEUTRAL_MIN_VENT","22","17.05426356589147"
"pad_0.9","2026-09","day","PAD_INEFFECTIVE_DEHU_NEEDED","90","69.76744186046511"
"pad_0.9","2026-09","all","PASSIVE_VENT_COOL_HUMID","17","6.640625"
"pad_0.9","2026-09","day","PASSIVE_VENT_COOL_HUMID","17","13.178294573643411"
"pad_0.9","2026-09","all","MISSING_DATA","1","0.390625"
"pad_0.9","2026-09","night","MISSING_DATA","1","0.7874015748031497"
"pad_0.9","2026-09","night","NEUTRAL_MIN_VENT","2","1.5748031496062993"
"dewpoint_58F","all","all","HEAT_MAJOR_VENT_DRY","1992","32.725480532281914"
"dewpoint_58F","2026-01","all","HEAT_MAJOR_VENT_DRY","706","94.89247311827957"
"dewpoint_58F","all","night","HEAT_MAJOR_VENT_DRY","1048","34.45101906640368"
"dewpoint_58F","2026-01","night","HEAT_MAJOR_VENT_DRY","360","96.7741935483871"
"dewpoint_58F","all","day","HEAT_MAJOR_VENT_DRY","944","31.001642036124796"
"dewpoint_58F","2026-01","day","HEAT_MAJOR_VENT_DRY","346","93.01075268817205"
"dewpoint_58F","all","all","PASSIVE_VENT_COOL_DRY","259","4.254969607359947"
"dewpoint_58F","2026-01","all","PASSIVE_VENT_COOL_DRY","21","2.8225806451612905"
"dewpoint_58F","all","day","PASSIVE_VENT_COOL_DRY","226","7.422003284072249"
"dewpoint_58F","2026-01","day","PASSIVE_VENT_COOL_DRY","20","5.376344086021505"
"dewpoint_58F","all","all","HEAT_MIN_VENT","109","1.7907014949893214"
"dewpoint_58F","2026-01","all","HEAT_MIN_VENT","4","0.5376344086021505"
"dewpoint_58F","all","night","HEAT_MIN_VENT","53","1.742274819197896"
"dewpoint_58F","2026-01","night","HEAT_MIN_VENT","3","0.8064516129032258"
"dewpoint_58F","all","night","PASSIVE_VENT_COOL_DRY","33","1.0848126232741617"
"dewpoint_58F","2026-01","night","PASSIVE_VENT_COOL_DRY","1","0.26881720430107525"
"dewpoint_58F","all","all","HEAT_VENT_HUMID","155","2.5464103827829803"
"dewpoint_58F","2026-01","all","HEAT_VENT_HUMID","6","0.8064516129032258"
"dewpoint_58F","all","night","HEAT_VENT_HUMID","47","1.5450361604207759"
"dewpoint_58F","2026-01","night","HEAT_VENT_HUMID","1","0.26881720430107525"
"dewpoint_58F","all","all","PASSIVE_VENT_COOL_HUMID","471","7.737801872843765"
"dewpoint_58F","2026-01","all","PASSIVE_VENT_COOL_HUMID","1","0.13440860215053763"
"dewpoint_58F","all","night","PASSIVE_VENT_COOL_HUMID","12","0.39447731755424065"
"dewpoint_58F","2026-01","night","PASSIVE_VENT_COOL_HUMID","1","0.26881720430107525"
"dewpoint_58F","all","day","HEAT_VENT_HUMID","108","3.5467980295566504"
"dewpoint_58F","2026-01","day","HEAT_VENT_HUMID","5","1.3440860215053763"
"dewpoint_58F","all","day","HEAT_MIN_VENT","56","1.839080459770115"
"dewpoint_58F","2026-01","day","HEAT_MIN_VENT","1","0.26881720430107525"
"dewpoint_58F","all","all","NEUTRAL_MIN_VENT","542","8.904222112699195"
"dewpoint_58F","2026-01","all","NEUTRAL_MIN_VENT","1","0.13440860215053763"
"dewpoint_58F","all","night","NEUTRAL_MIN_VENT","160","5.259697567389875"
"dewpoint_58F","2026-01","night","NEUTRAL_MIN_VENT","1","0.26881720430107525"
"dewpoint_58F","all","all","MISSING_DATA","23","0.3778544438968293"
"dewpoint_58F","2026-01","all","MISSING_DATA","4","0.5376344086021505"
"dewpoint_58F","all","night","MISSING_DATA","18","0.591715976331361"
"dewpoint_58F","2026-01","night","MISSING_DATA","4","1.075268817204301"
"dewpoint_58F","all","all","ACTIVE_HUMIDIFICATION_LIKELY","80","1.3142763265976671"
"dewpoint_58F","2026-01","all","ACTIVE_HUMIDIFICATION_LIKELY","1","0.13440860215053763"
"dewpoint_58F","all","night","ACTIVE_HUMIDIFICATION_LIKELY","42","1.3806706114398422"
"dewpoint_58F","2026-01","night","ACTIVE_HUMIDIFICATION_LIKELY","1","0.26881720430107525"
"dewpoint_58F","2026-02","all","HEAT_MAJOR_VENT_DRY","539","80.20833333333333"
"dewpoint_58F","2026-02","night","HEAT_MAJOR_VENT_DRY","293","87.20238095238095"
"dewpoint_58F","2026-02","day","HEAT_MAJOR_VENT_DRY","246","73.21428571428571"
"dewpoint_58F","2026-02","all","MISSING_DATA","10","1.4880952380952381"
"dewpoint_58F","all","day","MISSING_DATA","5","0.16420361247947454"
"dewpoint_58F","2026-02","day","MISSING_DATA","3","0.8928571428571429"
"dewpoint_58F","2026-02","all","PASSIVE_VENT_COOL_DRY","78","11.607142857142858"
"dewpoint_58F","2026-02","day","PASSIVE_VENT_COOL_DRY","70","20.833333333333332"
"dewpoint_58F","2026-02","all","ACTIVE_HUMIDIFICATION_LIKELY","13","1.9345238095238095"
"dewpoint_58F","all","day","ACTIVE_HUMIDIFICATION_LIKELY","38","1.2479474548440066"
"dewpoint_58F","2026-02","day","ACTIVE_HUMIDIFICATION_LIKELY","5","1.4880952380952381"
"dewpoint_58F","2026-02","night","ACTIVE_HUMIDIFICATION_LIKELY","8","2.380952380952381"
"dewpoint_58F","2026-02","all","NEUTRAL_MIN_VENT","3","0.44642857142857145"
"dewpoint_58F","2026-02","night","NEUTRAL_MIN_VENT","3","0.8928571428571429"
"dewpoint_58F","all","all","PASSIVE_HUMIDIFY_OPPORTUNITY","87","1.429275505174963"
"dewpoint_58F","2026-02","all","PASSIVE_HUMIDIFY_OPPORTUNITY","9","1.3392857142857142"
"dewpoint_58F","all","night","PASSIVE_HUMIDIFY_OPPORTUNITY","67","2.20249835634451"
"dewpoint_58F","2026-02","night","PASSIVE_HUMIDIFY_OPPORTUNITY","9","2.6785714285714284"
"dewpoint_58F","2026-02","night","PASSIVE_VENT_COOL_DRY","8","2.380952380952381"
"dewpoint_58F","2026-02","night","MISSING_DATA","7","2.0833333333333335"
"dewpoint_58F","2026-02","all","HEAT_MIN_VENT","10","1.4880952380952381"
"dewpoint_58F","2026-02","night","HEAT_MIN_VENT","5","1.4880952380952381"
"dewpoint_58F","2026-02","day","HEAT_MIN_VENT","5","1.4880952380952381"
"dewpoint_58F","2026-02","all","HEAT_VENT_HUMID","7","1.0416666666666667"
"dewpoint_58F","2026-02","day","HEAT_VENT_HUMID","7","2.0833333333333335"
"dewpoint_58F","all","all","PAD_INEFFECTIVE_DEHU_NEEDED","2339","38.426154098899296"
"dewpoint_58F","2026-02","all","PAD_INEFFECTIVE_DEHU_NEEDED","1","0.1488095238095238"
"dewpoint_58F","all","night","PAD_INEFFECTIVE_DEHU_NEEDED","1536","50.4930966469428"
"dewpoint_58F","2026-02","night","PAD_INEFFECTIVE_DEHU_NEEDED","1","0.2976190476190476"
"dewpoint_58F","all","all","PAD_EFFECTIVE","30","0.4928536224741252"
"dewpoint_58F","2026-02","all","PAD_EFFECTIVE","2","0.2976190476190476"
"dewpoint_58F","all","night","PAD_EFFECTIVE","26","0.8547008547008547"
"dewpoint_58F","2026-02","night","PAD_EFFECTIVE","2","0.5952380952380952"
"dewpoint_58F","2026-03","all","HEAT_MAJOR_VENT_DRY","406","54.643337819650064"
"dewpoint_58F","2026-03","night","HEAT_MAJOR_VENT_DRY","210","56.60377358490566"
"dewpoint_58F","2026-03","day","HEAT_MAJOR_VENT_DRY","196","52.68817204301075"
"dewpoint_58F","2026-03","all","HEAT_MIN_VENT","10","1.3458950201884252"
"dewpoint_58F","2026-03","day","HEAT_MIN_VENT","8","2.150537634408602"
"dewpoint_58F","2026-03","all","HEAT_VENT_HUMID","12","1.6150740242261103"
"dewpoint_58F","2026-03","day","HEAT_VENT_HUMID","12","3.225806451612903"
"dewpoint_58F","2026-03","all","PASSIVE_VENT_COOL_HUMID","43","5.787348586810229"
"dewpoint_58F","all","day","PASSIVE_VENT_COOL_HUMID","459","15.073891625615763"
"dewpoint_58F","2026-03","day","PASSIVE_VENT_COOL_HUMID","42","11.290322580645162"
"dewpoint_58F","2026-03","all","NEUTRAL_MIN_VENT","43","5.787348586810229"
"dewpoint_58F","all","day","NEUTRAL_MIN_VENT","382","12.545155993431855"
"dewpoint_58F","2026-03","day","NEUTRAL_MIN_VENT","27","7.258064516129032"
"dewpoint_58F","2026-03","all","PAD_INEFFECTIVE_DEHU_NEEDED","120","16.150740242261104"
"dewpoint_58F","2026-03","night","PAD_INEFFECTIVE_DEHU_NEEDED","93","25.067385444743934"
"dewpoint_58F","2026-03","night","NEUTRAL_MIN_VENT","16","4.3126684636118595"
"dewpoint_58F","2026-03","night","HEAT_MIN_VENT","2","0.5390835579514824"
"dewpoint_58F","2026-03","all","PASSIVE_VENT_COOL_DRY","54","7.267833109017497"
"dewpoint_58F","2026-03","day","PASSIVE_VENT_COOL_DRY","46","12.365591397849462"
"dewpoint_58F","2026-03","all","PAD_EFFECTIVE","7","0.9421265141318977"
"dewpoint_58F","2026-03","night","PAD_EFFECTIVE","5","1.3477088948787062"
"dewpoint_58F","2026-03","all","ACTIVE_HUMIDIFICATION_LIKELY","20","2.6917900403768504"
"dewpoint_58F","2026-03","night","ACTIVE_HUMIDIFICATION_LIKELY","11","2.964959568733154"
"dewpoint_58F","2026-03","night","PASSIVE_VENT_COOL_DRY","8","2.1563342318059298"
"dewpoint_58F","2026-03","all","PASSIVE_HUMIDIFY_OPPORTUNITY","28","3.768506056527591"
"dewpoint_58F","2026-03","night","PASSIVE_HUMIDIFY_OPPORTUNITY","25","6.738544474393531"
"dewpoint_58F","2026-03","night","PASSIVE_VENT_COOL_HUMID","1","0.2695417789757412"
"dewpoint_58F","2026-03","day","ACTIVE_HUMIDIFICATION_LIKELY","9","2.4193548387096775"
"dewpoint_58F","all","day","PAD_INEFFECTIVE_DEHU_NEEDED","803","26.37110016420361"
"dewpoint_58F","2026-03","day","PAD_INEFFECTIVE_DEHU_NEEDED","27","7.258064516129032"
"dewpoint_58F","all","day","PASSIVE_HUMIDIFY_OPPORTUNITY","20","0.6568144499178982"
"dewpoint_58F","2026-03","day","PASSIVE_HUMIDIFY_OPPORTUNITY","3","0.8064516129032258"
"dewpoint_58F","all","day","PAD_EFFECTIVE","4","0.13136288998357964"
"dewpoint_58F","2026-03","day","PAD_EFFECTIVE","2","0.5376344086021505"
"dewpoint_58F","2026-04","all","PAD_INEFFECTIVE_DEHU_NEEDED","125","17.36111111111111"
"dewpoint_58F","2026-04","night","PAD_INEFFECTIVE_DEHU_NEEDED","118","32.77777777777778"
"dewpoint_58F","2026-04","all","PASSIVE_VENT_COOL_HUMID","121","16.805555555555557"
"dewpoint_58F","2026-04","day","PASSIVE_VENT_COOL_HUMID","118","32.77777777777778"
"dewpoint_58F","2026-04","all","NEUTRAL_MIN_VENT","72","10"
"dewpoint_58F","2026-04","day","NEUTRAL_MIN_VENT","34","9.444444444444445"
"dewpoint_58F","2026-04","night","NEUTRAL_MIN_VENT","38","10.555555555555555"
"dewpoint_58F","2026-04","all","HEAT_VENT_HUMID","69","9.583333333333334"
"dewpoint_58F","2026-04","day","HEAT_VENT_HUMID","40","11.11111111111111"
"dewpoint_58F","2026-04","all","PASSIVE_HUMIDIFY_OPPORTUNITY","15","2.0833333333333335"
"dewpoint_58F","2026-04","day","PASSIVE_HUMIDIFY_OPPORTUNITY","6","1.6666666666666667"
"dewpoint_58F","2026-04","day","PAD_INEFFECTIVE_DEHU_NEEDED","7","1.9444444444444444"
"dewpoint_58F","2026-04","all","MISSING_DATA","4","0.5555555555555556"
"dewpoint_58F","2026-04","night","MISSING_DATA","4","1.1111111111111112"
"dewpoint_58F","2026-04","all","HEAT_MIN_VENT","35","4.861111111111111"
"dewpoint_58F","2026-04","night","HEAT_MIN_VENT","20","5.555555555555555"
"dewpoint_58F","2026-04","all","HEAT_MAJOR_VENT_DRY","203","28.194444444444443"
"dewpoint_58F","2026-04","night","HEAT_MAJOR_VENT_DRY","111","30.833333333333332"
"dewpoint_58F","2026-04","day","HEAT_MAJOR_VENT_DRY","92","25.555555555555557"
"dewpoint_58F","2026-04","all","PASSIVE_VENT_COOL_DRY","56","7.777777777777778"
"dewpoint_58F","2026-04","day","PASSIVE_VENT_COOL_DRY","48","13.333333333333334"
"dewpoint_58F","2026-04","all","ACTIVE_HUMIDIFICATION_LIKELY","15","2.0833333333333335"
"dewpoint_58F","2026-04","night","ACTIVE_HUMIDIFICATION_LIKELY","15","4.166666666666667"
"dewpoint_58F","2026-04","night","PASSIVE_VENT_COOL_DRY","8","2.2222222222222223"
"dewpoint_58F","2026-04","all","PAD_EFFECTIVE","5","0.6944444444444444"
"dewpoint_58F","2026-04","night","PAD_EFFECTIVE","5","1.3888888888888888"
"dewpoint_58F","2026-04","night","PASSIVE_HUMIDIFY_OPPORTUNITY","9","2.5"
"dewpoint_58F","2026-04","day","HEAT_MIN_VENT","15","4.166666666666667"
"dewpoint_58F","2026-04","night","PASSIVE_VENT_COOL_HUMID","3","0.8333333333333334"
"dewpoint_58F","2026-04","night","HEAT_VENT_HUMID","29","8.055555555555555"
"dewpoint_58F","2026-05","all","HEAT_MAJOR_VENT_DRY","138","18.548387096774192"
"dewpoint_58F","2026-05","night","HEAT_MAJOR_VENT_DRY","74","19.892473118279568"
"dewpoint_58F","2026-05","day","HEAT_MAJOR_VENT_DRY","64","17.204301075268816"
"dewpoint_58F","2026-05","all","PASSIVE_VENT_COOL_DRY","49","6.586021505376344"
"dewpoint_58F","2026-05","day","PASSIVE_VENT_COOL_DRY","41","11.021505376344086"
"dewpoint_58F","2026-05","all","ACTIVE_HUMIDIFICATION_LIKELY","29","3.8978494623655915"
"dewpoint_58F","2026-05","night","ACTIVE_HUMIDIFICATION_LIKELY","7","1.881720430107527"
"dewpoint_58F","2026-05","night","PASSIVE_VENT_COOL_DRY","8","2.150537634408602"
"dewpoint_58F","2026-05","all","NEUTRAL_MIN_VENT","118","15.86021505376344"
"dewpoint_58F","2026-05","day","NEUTRAL_MIN_VENT","69","18.548387096774192"
"dewpoint_58F","2026-05","day","ACTIVE_HUMIDIFICATION_LIKELY","22","5.913978494623656"
"dewpoint_58F","2026-05","all","PAD_EFFECTIVE","16","2.150537634408602"
"dewpoint_58F","2026-05","day","PAD_EFFECTIVE","2","0.5376344086021505"
"dewpoint_58F","2026-05","night","PAD_EFFECTIVE","14","3.763440860215054"
"dewpoint_58F","2026-05","all","PASSIVE_HUMIDIFY_OPPORTUNITY","31","4.166666666666667"
"dewpoint_58F","2026-05","night","PASSIVE_HUMIDIFY_OPPORTUNITY","24","6.451612903225806"
"dewpoint_58F","2026-05","day","PASSIVE_HUMIDIFY_OPPORTUNITY","7","1.881720430107527"
"dewpoint_58F","2026-05","all","PAD_INEFFECTIVE_DEHU_NEEDED","186","25"
"dewpoint_58F","2026-05","night","PAD_INEFFECTIVE_DEHU_NEEDED","147","39.516129032258064"
"dewpoint_58F","2026-05","night","NEUTRAL_MIN_VENT","49","13.172043010752688"
"dewpoint_58F","2026-05","all","HEAT_VENT_HUMID","57","7.661290322580645"
"dewpoint_58F","2026-05","day","HEAT_VENT_HUMID","40","10.75268817204301"
"dewpoint_58F","2026-05","all","PASSIVE_VENT_COOL_HUMID","68","9.13978494623656"
"dewpoint_58F","2026-05","day","PASSIVE_VENT_COOL_HUMID","61","16.397849462365592"
"dewpoint_58F","2026-05","night","PASSIVE_VENT_COOL_HUMID","7","1.881720430107527"
"dewpoint_58F","2026-05","night","HEAT_VENT_HUMID","17","4.56989247311828"
"dewpoint_58F","2026-05","all","HEAT_MIN_VENT","50","6.720430107526882"
"dewpoint_58F","2026-05","night","HEAT_MIN_VENT","23","6.182795698924731"
"dewpoint_58F","2026-05","day","HEAT_MIN_VENT","27","7.258064516129032"
"dewpoint_58F","2026-05","day","PAD_INEFFECTIVE_DEHU_NEEDED","39","10.483870967741936"
"dewpoint_58F","2026-05","all","MISSING_DATA","2","0.26881720430107525"
"dewpoint_58F","2026-05","night","MISSING_DATA","2","0.5376344086021505"
"dewpoint_58F","2026-06","all","PAD_INEFFECTIVE_DEHU_NEEDED","439","60.97222222222222"
"dewpoint_58F","2026-06","night","PAD_INEFFECTIVE_DEHU_NEEDED","318","88.33333333333333"
"dewpoint_58F","2026-06","all","PASSIVE_VENT_COOL_HUMID","138","19.166666666666668"
"dewpoint_58F","2026-06","day","PASSIVE_VENT_COOL_HUMID","138","38.333333333333336"
"dewpoint_58F","2026-06","all","NEUTRAL_MIN_VENT","133","18.47222222222222"
"dewpoint_58F","2026-06","day","NEUTRAL_MIN_VENT","91","25.27777777777778"
"dewpoint_58F","2026-06","day","PAD_INEFFECTIVE_DEHU_NEEDED","121","33.611111111111114"
"dewpoint_58F","2026-06","night","NEUTRAL_MIN_VENT","42","11.666666666666666"
"dewpoint_58F","2026-06","all","HEAT_VENT_HUMID","3","0.4166666666666667"
"dewpoint_58F","2026-06","day","HEAT_VENT_HUMID","3","0.8333333333333334"
"dewpoint_58F","2026-06","all","PASSIVE_HUMIDIFY_OPPORTUNITY","4","0.5555555555555556"
"dewpoint_58F","2026-06","day","PASSIVE_HUMIDIFY_OPPORTUNITY","4","1.1111111111111112"
"dewpoint_58F","2026-06","all","ACTIVE_HUMIDIFICATION_LIKELY","2","0.2777777777777778"
"dewpoint_58F","2026-06","day","ACTIVE_HUMIDIFICATION_LIKELY","2","0.5555555555555556"
"dewpoint_58F","2026-06","all","PASSIVE_VENT_COOL_DRY","1","0.1388888888888889"
"dewpoint_58F","2026-06","day","PASSIVE_VENT_COOL_DRY","1","0.2777777777777778"
"dewpoint_58F","2026-07","all","PAD_INEFFECTIVE_DEHU_NEEDED","621","83.46774193548387"
"dewpoint_58F","2026-07","night","PAD_INEFFECTIVE_DEHU_NEEDED","370","99.46236559139786"
"dewpoint_58F","2026-07","all","PASSIVE_VENT_COOL_HUMID","34","4.56989247311828"
"dewpoint_58F","2026-07","day","PASSIVE_VENT_COOL_HUMID","34","9.13978494623656"
"dewpoint_58F","2026-07","all","NEUTRAL_MIN_VENT","87","11.693548387096774"
"dewpoint_58F","2026-07","day","NEUTRAL_MIN_VENT","85","22.849462365591396"
"dewpoint_58F","2026-07","day","PAD_INEFFECTIVE_DEHU_NEEDED","251","67.47311827956989"
"dewpoint_58F","2026-07","night","NEUTRAL_MIN_VENT","2","0.5376344086021505"
"dewpoint_58F","2026-07","all","MISSING_DATA","2","0.26881720430107525"
"dewpoint_58F","2026-07","day","MISSING_DATA","2","0.5376344086021505"
"dewpoint_58F","2026-08","all","PAD_INEFFECTIVE_DEHU_NEEDED","633","85.08064516129032"
"dewpoint_58F","2026-08","night","PAD_INEFFECTIVE_DEHU_NEEDED","365","98.11827956989248"
"dewpoint_58F","2026-08","all","PASSIVE_VENT_COOL_HUMID","49","6.586021505376344"
"dewpoint_58F","2026-08","day","PASSIVE_VENT_COOL_HUMID","49","13.172043010752688"
"dewpoint_58F","2026-08","all","NEUTRAL_MIN_VENT","61","8.198924731182796"
"dewpoint_58F","2026-08","day","NEUTRAL_MIN_VENT","54","14.516129032258064"
"dewpoint_58F","2026-08","day","PAD_INEFFECTIVE_DEHU_NEEDED","268","72.04301075268818"
"dewpoint_58F","2026-08","night","NEUTRAL_MIN_VENT","7","1.881720430107527"
"dewpoint_58F","2026-08","all","HEAT_VENT_HUMID","1","0.13440860215053763"
"dewpoint_58F","2026-08","day","HEAT_VENT_HUMID","1","0.26881720430107525"
"dewpoint_58F","2026-09","all","PAD_INEFFECTIVE_DEHU_NEEDED","214","83.59375"
"dewpoint_58F","2026-09","night","PAD_INEFFECTIVE_DEHU_NEEDED","124","97.63779527559055"
"dewpoint_58F","2026-09","all","NEUTRAL_MIN_VENT","24","9.375"
"dewpoint_58F","2026-09","day","NEUTRAL_MIN_VENT","22","17.05426356589147"
"dewpoint_58F","2026-09","day","PAD_INEFFECTIVE_DEHU_NEEDED","90","69.76744186046511"
"dewpoint_58F","2026-09","all","PASSIVE_VENT_COOL_HUMID","17","6.640625"
"dewpoint_58F","2026-09","day","PASSIVE_VENT_COOL_HUMID","17","13.178294573643411"
"dewpoint_58F","2026-09","all","MISSING_DATA","1","0.390625"
"dewpoint_58F","2026-09","night","MISSING_DATA","1","0.7874015748031497"
"dewpoint_58F","2026-09","night","NEUTRAL_MIN_VENT","2","1.5748031496062993"
"dewpoint_62F","all","all","HEAT_MAJOR_VENT_DRY","2130","34.992607195662885"
"dewpoint_62F","2026-01","all","HEAT_MAJOR_VENT_DRY","711","95.56451612903226"
"dewpoint_62F","all","night","HEAT_MAJOR_VENT_DRY","1112","36.55489809335963"
"dewpoint_62F","2026-01","night","HEAT_MAJOR_VENT_DRY","363","97.58064516129032"
"dewpoint_62F","all","day","HEAT_MAJOR_VENT_DRY","1018","33.431855500821015"
"dewpoint_62F","2026-01","day","HEAT_MAJOR_VENT_DRY","348","93.54838709677419"
"dewpoint_62F","all","all","PASSIVE_VENT_COOL_DRY","307","5.043535403318548"
"dewpoint_62F","2026-01","all","PASSIVE_VENT_COOL_DRY","22","2.956989247311828"
"dewpoint_62F","all","day","PASSIVE_VENT_COOL_DRY","268","8.801313628899836"
"dewpoint_62F","2026-01","day","PASSIVE_VENT_COOL_DRY","20","5.376344086021505"
"dewpoint_62F","all","night","PASSIVE_VENT_COOL_DRY","39","1.2820512820512822"
"dewpoint_62F","2026-01","night","PASSIVE_VENT_COOL_DRY","2","0.5376344086021505"
"dewpoint_62F","all","all","HEAT_MIN_VENT","75","1.232134056185313"
"dewpoint_62F","2026-01","all","HEAT_MIN_VENT","2","0.26881720430107525"
"dewpoint_62F","all","night","HEAT_MIN_VENT","34","1.1176857330703485"
"dewpoint_62F","2026-01","night","HEAT_MIN_VENT","1","0.26881720430107525"
"dewpoint_62F","all","day","HEAT_MIN_VENT","41","1.3464696223316912"
"dewpoint_62F","2026-01","day","HEAT_MIN_VENT","1","0.26881720430107525"
"dewpoint_62F","all","all","HEAT_VENT_HUMID","51","0.8378511582060129"
"dewpoint_62F","2026-01","all","HEAT_VENT_HUMID","3","0.4032258064516129"
"dewpoint_62F","all","day","HEAT_VENT_HUMID","49","1.6091954022988506"
"dewpoint_62F","2026-01","day","HEAT_VENT_HUMID","3","0.8064516129032258"
"dewpoint_62F","all","all","NEUTRAL_MIN_VENT","446","7.3270905207819945"
"dewpoint_62F","2026-01","all","NEUTRAL_MIN_VENT","1","0.13440860215053763"
"dewpoint_62F","all","night","NEUTRAL_MIN_VENT","102","3.353057199211045"
"dewpoint_62F","2026-01","night","NEUTRAL_MIN_VENT","1","0.26881720430107525"
"dewpoint_62F","all","all","MISSING_DATA","23","0.3778544438968293"
"dewpoint_62F","2026-01","all","MISSING_DATA","4","0.5376344086021505"
"dewpoint_62F","all","night","MISSING_DATA","18","0.591715976331361"
"dewpoint_62F","2026-01","night","MISSING_DATA","4","1.075268817204301"
"dewpoint_62F","all","all","ACTIVE_HUMIDIFICATION_LIKELY","80","1.3142763265976671"
"dewpoint_62F","2026-01","all","ACTIVE_HUMIDIFICATION_LIKELY","1","0.13440860215053763"
"dewpoint_62F","all","night","ACTIVE_HUMIDIFICATION_LIKELY","42","1.3806706114398422"
"dewpoint_62F","2026-01","night","ACTIVE_HUMIDIFICATION_LIKELY","1","0.26881720430107525"
"dewpoint_62F","2026-02","all","HEAT_MAJOR_VENT_DRY","552","82.14285714285714"
"dewpoint_62F","2026-02","night","HEAT_MAJOR_VENT_DRY","298","88.69047619047619"
"dewpoint_62F","2026-02","day","HEAT_MAJOR_VENT_DRY","254","75.5952380952381"
"dewpoint_62F","2026-02","all","MISSING_DATA","10","1.4880952380952381"
"dewpoint_62F","all","day","MISSING_DATA","5","0.16420361247947454"
"dewpoint_62F","2026-02","day","MISSING_DATA","3","0.8928571428571429"
"dewpoint_62F","2026-02","all","PASSIVE_VENT_COOL_DRY","78","11.607142857142858"
"dewpoint_62F","2026-02","day","PASSIVE_VENT_COOL_DRY","70","20.833333333333332"
"dewpoint_62F","2026-02","all","ACTIVE_HUMIDIFICATION_LIKELY","13","1.9345238095238095"
"dewpoint_62F","all","day","ACTIVE_HUMIDIFICATION_LIKELY","38","1.2479474548440066"
"dewpoint_62F","2026-02","day","ACTIVE_HUMIDIFICATION_LIKELY","5","1.4880952380952381"
"dewpoint_62F","2026-02","night","ACTIVE_HUMIDIFICATION_LIKELY","8","2.380952380952381"
"dewpoint_62F","2026-02","all","NEUTRAL_MIN_VENT","3","0.44642857142857145"
"dewpoint_62F","2026-02","night","NEUTRAL_MIN_VENT","3","0.8928571428571429"
"dewpoint_62F","all","all","PASSIVE_HUMIDIFY_OPPORTUNITY","204","3.3514046328240514"
"dewpoint_62F","2026-02","all","PASSIVE_HUMIDIFY_OPPORTUNITY","9","1.3392857142857142"
"dewpoint_62F","all","night","PASSIVE_HUMIDIFY_OPPORTUNITY","127","4.174884944115713"
"dewpoint_62F","2026-02","night","PASSIVE_HUMIDIFY_OPPORTUNITY","9","2.6785714285714284"
"dewpoint_62F","2026-02","night","PASSIVE_VENT_COOL_DRY","8","2.380952380952381"
"dewpoint_62F","2026-02","night","MISSING_DATA","7","2.0833333333333335"
"dewpoint_62F","2026-02","all","HEAT_MIN_VENT","4","0.5952380952380952"
"dewpoint_62F","2026-02","day","HEAT_MIN_VENT","4","1.1904761904761905"
"dewpoint_62F","all","all","PAD_EFFECTIVE","93","1.5278462296697881"
"dewpoint_62F","2026-02","all","PAD_EFFECTIVE","3","0.44642857142857145"
"dewpoint_62F","all","night","PAD_EFFECTIVE","81","2.662721893491124"
"dewpoint_62F","2026-02","night","PAD_EFFECTIVE","3","0.8928571428571429"
"dewpoint_62F","2026-03","all","HEAT_MAJOR_VENT_DRY","419","56.39300134589502"
"dewpoint_62F","2026-03","night","HEAT_MAJOR_VENT_DRY","212","57.142857142857146"
"dewpoint_62F","2026-03","day","HEAT_MAJOR_VENT_DRY","207","55.645161290322584"
"dewpoint_62F","2026-03","all","HEAT_MIN_VENT","9","1.2113055181695829"
"dewpoint_62F","2026-03","day","HEAT_MIN_VENT","9","2.4193548387096775"
"dewpoint_62F","2026-03","all","PASSIVE_VENT_COOL_DRY","74","9.959623149394348"
"dewpoint_62F","2026-03","day","PASSIVE_VENT_COOL_DRY","65","17.473118279569892"
"dewpoint_62F","2026-03","all","PASSIVE_HUMIDIFY_OPPORTUNITY","62","8.344549125168237"
"dewpoint_62F","all","day","PASSIVE_HUMIDIFY_OPPORTUNITY","77","2.528735632183908"
"dewpoint_62F","2026-03","day","PASSIVE_HUMIDIFY_OPPORTUNITY","27","7.258064516129032"
"dewpoint_62F","all","all","PAD_INEFFECTIVE_DEHU_NEEDED","2262","37.16116313454904"
"dewpoint_62F","2026-03","all","PAD_INEFFECTIVE_DEHU_NEEDED","74","9.959623149394348"
"dewpoint_62F","all","night","PAD_INEFFECTIVE_DEHU_NEEDED","1467","48.22485207100592"
"dewpoint_62F","2026-03","night","PAD_INEFFECTIVE_DEHU_NEEDED","55","14.824797843665769"
"dewpoint_62F","all","all","PASSIVE_VENT_COOL_HUMID","402","6.604238541153277"
"dewpoint_62F","2026-03","all","PASSIVE_VENT_COOL_HUMID","20","2.6917900403768504"
"dewpoint_62F","all","day","PASSIVE_VENT_COOL_HUMID","398","13.070607553366173"
"dewpoint_62F","2026-03","day","PASSIVE_VENT_COOL_HUMID","20","5.376344086021505"
"dewpoint_62F","2026-03","all","NEUTRAL_MIN_VENT","12","1.6150740242261103"
"dewpoint_62F","2026-03","night","NEUTRAL_MIN_VENT","6","1.6172506738544474"
"dewpoint_62F","2026-03","night","PASSIVE_HUMIDIFY_OPPORTUNITY","35","9.433962264150944"
"dewpoint_62F","2026-03","all","PAD_EFFECTIVE","45","6.056527590847914"
"dewpoint_62F","2026-03","night","PAD_EFFECTIVE","35","9.433962264150944"
"dewpoint_62F","2026-03","all","ACTIVE_HUMIDIFICATION_LIKELY","20","2.6917900403768504"
"dewpoint_62F","2026-03","night","ACTIVE_HUMIDIFICATION_LIKELY","11","2.964959568733154"
"dewpoint_62F","2026-03","night","PASSIVE_VENT_COOL_DRY","9","2.4258760107816713"
"dewpoint_62F","all","day","NEUTRAL_MIN_VENT","344","11.29720853858785"
"dewpoint_62F","2026-03","day","NEUTRAL_MIN_VENT","6","1.6129032258064515"
"dewpoint_62F","2026-03","day","ACTIVE_HUMIDIFICATION_LIKELY","9","2.4193548387096775"
"dewpoint_62F","all","day","PAD_EFFECTIVE","12","0.39408866995073893"
"dewpoint_62F","2026-03","day","PAD_EFFECTIVE","10","2.6881720430107525"
"dewpoint_62F","all","day","PAD_INEFFECTIVE_DEHU_NEEDED","795","26.108374384236452"
"dewpoint_62F","2026-03","day","PAD_INEFFECTIVE_DEHU_NEEDED","19","5.10752688172043"
"dewpoint_62F","all","all","PAD_MARGINAL","14","0.22999835715459174"
"dewpoint_62F","2026-03","all","PAD_MARGINAL","8","1.0767160161507403"
"dewpoint_62F","all","night","PAD_MARGINAL","14","0.46022353714661407"
"dewpoint_62F","2026-03","night","PAD_MARGINAL","8","2.1563342318059298"
"dewpoint_62F","2026-04","all","PAD_MARGINAL","4","0.5555555555555556"
"dewpoint_62F","2026-04","night","PAD_MARGINAL","4","1.1111111111111112"
"dewpoint_62F","2026-04","all","PAD_EFFECTIVE","14","1.9444444444444444"
"dewpoint_62F","2026-04","night","PAD_EFFECTIVE","14","3.888888888888889"
"dewpoint_62F","2026-04","all","PAD_INEFFECTIVE_DEHU_NEEDED","112","15.555555555555555"
"dewpoint_62F","2026-04","night","PAD_INEFFECTIVE_DEHU_NEEDED","105","29.166666666666668"
"dewpoint_62F","2026-04","all","PASSIVE_VENT_COOL_DRY","63","8.75"
"dewpoint_62F","2026-04","day","PASSIVE_VENT_COOL_DRY","54","15"
"dewpoint_62F","2026-04","all","PASSIVE_HUMIDIFY_OPPORTUNITY","38","5.277777777777778"
"dewpoint_62F","2026-04","day","PASSIVE_HUMIDIFY_OPPORTUNITY","15","4.166666666666667"
"dewpoint_62F","2026-04","all","PASSIVE_VENT_COOL_HUMID","106","14.722222222222221"
"dewpoint_62F","2026-04","day","PASSIVE_VENT_COOL_HUMID","105","29.166666666666668"
"dewpoint_62F","2026-04","all","NEUTRAL_MIN_VENT","57","7.916666666666667"
"dewpoint_62F","2026-04","day","NEUTRAL_MIN_VENT","32","8.88888888888889"
"dewpoint_62F","2026-04","night","NEUTRAL_MIN_VENT","25","6.944444444444445"
"dewpoint_62F","2026-04","all","HEAT_VENT_HUMID","22","3.0555555555555554"
"dewpoint_62F","2026-04","day","HEAT_VENT_HUMID","21","5.833333333333333"
"dewpoint_62F","2026-04","day","PAD_INEFFECTIVE_DEHU_NEEDED","7","1.9444444444444444"
"dewpoint_62F","2026-04","all","MISSING_DATA","4","0.5555555555555556"
"dewpoint_62F","2026-04","night","MISSING_DATA","4","1.1111111111111112"
"dewpoint_62F","2026-04","all","HEAT_MAJOR_VENT_DRY","247","34.30555555555556"
"dewpoint_62F","2026-04","night","HEAT_MAJOR_VENT_DRY","135","37.5"
"dewpoint_62F","2026-04","day","HEAT_MAJOR_VENT_DRY","112","31.11111111111111"
"dewpoint_62F","2026-04","all","ACTIVE_HUMIDIFICATION_LIKELY","15","2.0833333333333335"
"dewpoint_62F","2026-04","night","ACTIVE_HUMIDIFICATION_LIKELY","15","4.166666666666667"
"dewpoint_62F","2026-04","night","PASSIVE_VENT_COOL_DRY","9","2.5"
"dewpoint_62F","2026-04","night","PASSIVE_HUMIDIFY_OPPORTUNITY","23","6.388888888888889"
"dewpoint_62F","2026-04","all","HEAT_MIN_VENT","38","5.277777777777778"
"dewpoint_62F","2026-04","day","HEAT_MIN_VENT","14","3.888888888888889"
"dewpoint_62F","all","night","HEAT_VENT_HUMID","2","0.06574621959237344"
"dewpoint_62F","2026-04","night","HEAT_VENT_HUMID","1","0.2777777777777778"
"dewpoint_62F","2026-04","night","HEAT_MIN_VENT","24","6.666666666666667"
"dewpoint_62F","all","night","PASSIVE_VENT_COOL_HUMID","4","0.13149243918474687"
"dewpoint_62F","2026-04","night","PASSIVE_VENT_COOL_HUMID","1","0.2777777777777778"
"dewpoint_62F","2026-05","all","HEAT_MAJOR_VENT_DRY","201","27.016129032258064"
"dewpoint_62F","2026-05","night","HEAT_MAJOR_VENT_DRY","104","27.956989247311828"
"dewpoint_62F","2026-05","day","HEAT_MAJOR_VENT_DRY","97","26.0752688172043"
"dewpoint_62F","2026-05","all","PASSIVE_VENT_COOL_DRY","56","7.526881720430108"
"dewpoint_62F","2026-05","day","PASSIVE_VENT_COOL_DRY","45","12.096774193548388"
"dewpoint_62F","2026-05","all","ACTIVE_HUMIDIFICATION_LIKELY","29","3.8978494623655915"
"dewpoint_62F","2026-05","night","ACTIVE_HUMIDIFICATION_LIKELY","7","1.881720430107527"
"dewpoint_62F","2026-05","night","PASSIVE_VENT_COOL_DRY","11","2.956989247311828"
"dewpoint_62F","2026-05","all","NEUTRAL_MIN_VENT","95","12.768817204301076"
"dewpoint_62F","2026-05","day","NEUTRAL_MIN_VENT","58","15.591397849462366"
"dewpoint_62F","2026-05","day","ACTIVE_HUMIDIFICATION_LIKELY","22","5.913978494623656"
"dewpoint_62F","2026-05","all","PAD_EFFECTIVE","30","4.032258064516129"
"dewpoint_62F","2026-05","day","PAD_EFFECTIVE","2","0.5376344086021505"
"dewpoint_62F","2026-05","night","PAD_EFFECTIVE","28","7.526881720430108"
"dewpoint_62F","2026-05","all","PASSIVE_HUMIDIFY_OPPORTUNITY","54","7.258064516129032"
"dewpoint_62F","2026-05","night","PASSIVE_HUMIDIFY_OPPORTUNITY","37","9.946236559139784"
"dewpoint_62F","2026-05","day","PASSIVE_HUMIDIFY_OPPORTUNITY","17","4.56989247311828"
"dewpoint_62F","2026-05","all","PAD_INEFFECTIVE_DEHU_NEEDED","170","22.849462365591396"
"dewpoint_62F","2026-05","night","PAD_INEFFECTIVE_DEHU_NEEDED","131","35.215053763440864"
"dewpoint_62F","2026-05","all","HEAT_MIN_VENT","21","2.8225806451612905"
"dewpoint_62F","2026-05","day","HEAT_MIN_VENT","12","3.225806451612903"
"dewpoint_62F","2026-05","night","NEUTRAL_MIN_VENT","37","9.946236559139784"
"dewpoint_62F","2026-05","night","HEAT_MIN_VENT","9","2.4193548387096775"
"dewpoint_62F","2026-05","all","PASSIVE_VENT_COOL_HUMID","61","8.198924731182796"
"dewpoint_62F","2026-05","day","PASSIVE_VENT_COOL_HUMID","58","15.591397849462366"
"dewpoint_62F","2026-05","all","PAD_MARGINAL","2","0.26881720430107525"
"dewpoint_62F","2026-05","night","PAD_MARGINAL","2","0.5376344086021505"
"dewpoint_62F","2026-05","day","PAD_INEFFECTIVE_DEHU_NEEDED","39","10.483870967741936"
"dewpoint_62F","2026-05","all","MISSING_DATA","2","0.26881720430107525"
"dewpoint_62F","2026-05","night","MISSING_DATA","2","0.5376344086021505"
"dewpoint_62F","2026-05","all","HEAT_VENT_HUMID","23","3.0913978494623655"
"dewpoint_62F","2026-05","day","HEAT_VENT_HUMID","22","5.913978494623656"
"dewpoint_62F","2026-05","night","PASSIVE_VENT_COOL_HUMID","3","0.8064516129032258"
"dewpoint_62F","2026-05","night","HEAT_VENT_HUMID","1","0.26881720430107525"
"dewpoint_62F","2026-06","all","PAD_INEFFECTIVE_DEHU_NEEDED","439","60.97222222222222"
"dewpoint_62F","2026-06","night","PAD_INEFFECTIVE_DEHU_NEEDED","318","88.33333333333333"
"dewpoint_62F","2026-06","all","PASSIVE_VENT_COOL_HUMID","122","16.944444444444443"
"dewpoint_62F","2026-06","day","PASSIVE_VENT_COOL_HUMID","122","33.888888888888886"
"dewpoint_62F","2026-06","all","NEUTRAL_MIN_VENT","113","15.694444444444445"
"dewpoint_62F","2026-06","day","NEUTRAL_MIN_VENT","90","25"
"dewpoint_62F","2026-06","day","PAD_INEFFECTIVE_DEHU_NEEDED","121","33.611111111111114"
"dewpoint_62F","2026-06","night","NEUTRAL_MIN_VENT","23","6.388888888888889"
"dewpoint_62F","2026-06","all","PASSIVE_VENT_COOL_DRY","10","1.3888888888888888"
"dewpoint_62F","2026-06","day","PASSIVE_VENT_COOL_DRY","10","2.7777777777777777"
"dewpoint_62F","2026-06","all","PASSIVE_HUMIDIFY_OPPORTUNITY","31","4.305555555555555"
"dewpoint_62F","2026-06","day","PASSIVE_HUMIDIFY_OPPORTUNITY","12","3.3333333333333335"
"dewpoint_62F","2026-06","night","PASSIVE_HUMIDIFY_OPPORTUNITY","19","5.277777777777778"
"dewpoint_62F","2026-06","all","HEAT_VENT_HUMID","3","0.4166666666666667"
"dewpoint_62F","2026-06","day","HEAT_VENT_HUMID","3","0.8333333333333334"
"dewpoint_62F","2026-06","all","ACTIVE_HUMIDIFICATION_LIKELY","2","0.2777777777777778"
"dewpoint_62F","2026-06","day","ACTIVE_HUMIDIFICATION_LIKELY","2","0.5555555555555556"
"dewpoint_62F","2026-07","all","PAD_INEFFECTIVE_DEHU_NEEDED","621","83.46774193548387"
"dewpoint_62F","2026-07","night","PAD_INEFFECTIVE_DEHU_NEEDED","370","99.46236559139786"
"dewpoint_62F","2026-07","all","PASSIVE_VENT_COOL_HUMID","34","4.56989247311828"
"dewpoint_62F","2026-07","day","PASSIVE_VENT_COOL_HUMID","34","9.13978494623656"
"dewpoint_62F","2026-07","all","NEUTRAL_MIN_VENT","87","11.693548387096774"
"dewpoint_62F","2026-07","day","NEUTRAL_MIN_VENT","85","22.849462365591396"
"dewpoint_62F","2026-07","day","PAD_INEFFECTIVE_DEHU_NEEDED","251","67.47311827956989"
"dewpoint_62F","2026-07","night","NEUTRAL_MIN_VENT","2","0.5376344086021505"
"dewpoint_62F","2026-07","all","MISSING_DATA","2","0.26881720430107525"
"dewpoint_62F","2026-07","day","MISSING_DATA","2","0.5376344086021505"
"dewpoint_62F","2026-08","all","PAD_INEFFECTIVE_DEHU_NEEDED","632","84.94623655913979"
"dewpoint_62F","2026-08","night","PAD_INEFFECTIVE_DEHU_NEEDED","364","97.84946236559139"
"dewpoint_62F","2026-08","all","PASSIVE_VENT_COOL_DRY","4","0.5376344086021505"
"dewpoint_62F","2026-08","day","PASSIVE_VENT_COOL_DRY","4","1.075268817204301"
"dewpoint_62F","2026-08","all","PASSIVE_HUMIDIFY_OPPORTUNITY","10","1.3440860215053763"
"dewpoint_62F","2026-08","day","PASSIVE_HUMIDIFY_OPPORTUNITY","6","1.6129032258064515"
"dewpoint_62F","2026-08","day","PAD_INEFFECTIVE_DEHU_NEEDED","268","72.04301075268818"
"dewpoint_62F","2026-08","all","NEUTRAL_MIN_VENT","54","7.258064516129032"
"dewpoint_62F","2026-08","night","NEUTRAL_MIN_VENT","3","0.8064516129032258"
"dewpoint_62F","2026-08","all","PASSIVE_VENT_COOL_HUMID","42","5.645161290322581"
"dewpoint_62F","2026-08","day","PASSIVE_VENT_COOL_HUMID","42","11.290322580645162"
"dewpoint_62F","2026-08","day","NEUTRAL_MIN_VENT","51","13.709677419354838"
"dewpoint_62F","2026-08","all","PAD_EFFECTIVE","1","0.13440860215053763"
"dewpoint_62F","2026-08","night","PAD_EFFECTIVE","1","0.26881720430107525"
"dewpoint_62F","2026-08","night","PASSIVE_HUMIDIFY_OPPORTUNITY","4","1.075268817204301"
"dewpoint_62F","2026-08","all","HEAT_MIN_VENT","1","0.13440860215053763"
"dewpoint_62F","2026-08","day","HEAT_MIN_VENT","1","0.26881720430107525"
"dewpoint_62F","2026-09","all","PAD_INEFFECTIVE_DEHU_NEEDED","214","83.59375"
"dewpoint_62F","2026-09","night","PAD_INEFFECTIVE_DEHU_NEEDED","124","97.63779527559055"
"dewpoint_62F","2026-09","all","NEUTRAL_MIN_VENT","24","9.375"
"dewpoint_62F","2026-09","day","NEUTRAL_MIN_VENT","22","17.05426356589147"
"dewpoint_62F","2026-09","day","PAD_INEFFECTIVE_DEHU_NEEDED","90","69.76744186046511"
"dewpoint_62F","2026-09","all","PASSIVE_VENT_COOL_HUMID","17","6.640625"
"dewpoint_62F","2026-09","day","PASSIVE_VENT_COOL_HUMID","17","13.178294573643411"
"dewpoint_62F","2026-09","all","MISSING_DATA","1","0.390625"
"dewpoint_62F","2026-09","night","MISSING_DATA","1","0.7874015748031497"
"dewpoint_62F","2026-09","night","NEUTRAL_MIN_VENT","2","1.5748031496062993"
"dewpoint_65F","all","all","HEAT_MAJOR_VENT_DRY","2205","36.2247412518482"
"dewpoint_65F","2026-01","all","HEAT_MAJOR_VENT_DRY","713","95.83333333333333"
"dewpoint_65F","all","night","HEAT_MAJOR_VENT_DRY","1146","37.67258382642998"
"dewpoint_65F","2026-01","night","HEAT_MAJOR_VENT_DRY","364","97.84946236559139"
"dewpoint_65F","all","day","HEAT_MAJOR_VENT_DRY","1059","34.77832512315271"
"dewpoint_65F","2026-01","day","HEAT_MAJOR_VENT_DRY","349","93.81720430107526"
"dewpoint_65F","all","all","PASSIVE_VENT_COOL_DRY","404","6.6370954493182195"
"dewpoint_65F","2026-01","all","PASSIVE_VENT_COOL_DRY","22","2.956989247311828"
"dewpoint_65F","all","day","PASSIVE_VENT_COOL_DRY","359","11.789819376026273"
"dewpoint_65F","2026-01","day","PASSIVE_VENT_COOL_DRY","20","5.376344086021505"
"dewpoint_65F","all","night","PASSIVE_VENT_COOL_DRY","45","1.4792899408284024"
"dewpoint_65F","2026-01","night","PASSIVE_VENT_COOL_DRY","2","0.5376344086021505"
"dewpoint_65F","all","all","HEAT_MIN_VENT","38","0.6242812551338919"
"dewpoint_65F","2026-01","all","HEAT_MIN_VENT","3","0.4032258064516129"
"dewpoint_65F","all","day","HEAT_MIN_VENT","36","1.1822660098522169"
"dewpoint_65F","2026-01","day","HEAT_MIN_VENT","3","0.8064516129032258"
"dewpoint_65F","all","all","NEUTRAL_MIN_VENT","352","5.782815837029736"
"dewpoint_65F","2026-01","all","NEUTRAL_MIN_VENT","1","0.13440860215053763"
"dewpoint_65F","all","night","NEUTRAL_MIN_VENT","30","0.9861932938856016"
"dewpoint_65F","2026-01","night","NEUTRAL_MIN_VENT","1","0.26881720430107525"
"dewpoint_65F","all","all","MISSING_DATA","23","0.3778544438968293"
"dewpoint_65F","2026-01","all","MISSING_DATA","4","0.5376344086021505"
"dewpoint_65F","all","night","MISSING_DATA","18","0.591715976331361"
"dewpoint_65F","2026-01","night","MISSING_DATA","4","1.075268817204301"
"dewpoint_65F","all","all","ACTIVE_HUMIDIFICATION_LIKELY","80","1.3142763265976671"
"dewpoint_65F","2026-01","all","ACTIVE_HUMIDIFICATION_LIKELY","1","0.13440860215053763"
"dewpoint_65F","all","night","ACTIVE_HUMIDIFICATION_LIKELY","42","1.3806706114398422"
"dewpoint_65F","2026-01","night","ACTIVE_HUMIDIFICATION_LIKELY","1","0.26881720430107525"
"dewpoint_65F","2026-02","all","HEAT_MAJOR_VENT_DRY","556","82.73809523809524"
"dewpoint_65F","2026-02","night","HEAT_MAJOR_VENT_DRY","298","88.69047619047619"
"dewpoint_65F","2026-02","day","HEAT_MAJOR_VENT_DRY","258","76.78571428571429"
"dewpoint_65F","2026-02","all","MISSING_DATA","10","1.4880952380952381"
"dewpoint_65F","all","day","MISSING_DATA","5","0.16420361247947454"
"dewpoint_65F","2026-02","day","MISSING_DATA","3","0.8928571428571429"
"dewpoint_65F","2026-02","all","PASSIVE_VENT_COOL_DRY","78","11.607142857142858"
"dewpoint_65F","2026-02","day","PASSIVE_VENT_COOL_DRY","70","20.833333333333332"
"dewpoint_65F","2026-02","all","ACTIVE_HUMIDIFICATION_LIKELY","13","1.9345238095238095"
"dewpoint_65F","all","day","ACTIVE_HUMIDIFICATION_LIKELY","38","1.2479474548440066"
"dewpoint_65F","2026-02","day","ACTIVE_HUMIDIFICATION_LIKELY","5","1.4880952380952381"
"dewpoint_65F","2026-02","night","ACTIVE_HUMIDIFICATION_LIKELY","8","2.380952380952381"
"dewpoint_65F","2026-02","all","NEUTRAL_MIN_VENT","3","0.44642857142857145"
"dewpoint_65F","2026-02","night","NEUTRAL_MIN_VENT","3","0.8928571428571429"
"dewpoint_65F","all","all","PASSIVE_HUMIDIFY_OPPORTUNITY","308","5.059963857401018"
"dewpoint_65F","2026-02","all","PASSIVE_HUMIDIFY_OPPORTUNITY","9","1.3392857142857142"
"dewpoint_65F","all","night","PASSIVE_HUMIDIFY_OPPORTUNITY","197","6.476002629848784"
"dewpoint_65F","2026-02","night","PASSIVE_HUMIDIFY_OPPORTUNITY","9","2.6785714285714284"
"dewpoint_65F","2026-02","night","PASSIVE_VENT_COOL_DRY","8","2.380952380952381"
"dewpoint_65F","2026-02","night","MISSING_DATA","7","2.0833333333333335"
"dewpoint_65F","all","all","PAD_EFFECTIVE","114","1.8728437654016756"
"dewpoint_65F","2026-02","all","PAD_EFFECTIVE","3","0.44642857142857145"
"dewpoint_65F","all","night","PAD_EFFECTIVE","90","2.9585798816568047"
"dewpoint_65F","2026-02","night","PAD_EFFECTIVE","3","0.8928571428571429"
"dewpoint_65F","2026-03","all","HEAT_MAJOR_VENT_DRY","428","57.604306864064604"
"dewpoint_65F","2026-03","night","HEAT_MAJOR_VENT_DRY","212","57.142857142857146"
"dewpoint_65F","2026-03","day","HEAT_MAJOR_VENT_DRY","216","58.064516129032256"
"dewpoint_65F","2026-03","all","PASSIVE_VENT_COOL_DRY","89","11.978465679676985"
"dewpoint_65F","2026-03","day","PASSIVE_VENT_COOL_DRY","80","21.50537634408602"
"dewpoint_65F","2026-03","all","PASSIVE_HUMIDIFY_OPPORTUNITY","64","8.613728129205922"
"dewpoint_65F","all","day","PASSIVE_HUMIDIFY_OPPORTUNITY","111","3.645320197044335"
"dewpoint_65F","2026-03","day","PASSIVE_HUMIDIFY_OPPORTUNITY","25","6.720430107526882"
"dewpoint_65F","all","all","PAD_MARGINAL","92","1.5114177755873173"
"dewpoint_65F","2026-03","all","PAD_MARGINAL","36","4.8452220726783315"
"dewpoint_65F","all","night","PAD_MARGINAL","92","3.0243261012491782"
"dewpoint_65F","2026-03","night","PAD_MARGINAL","36","9.703504043126685"
"dewpoint_65F","2026-03","night","PASSIVE_HUMIDIFY_OPPORTUNITY","39","10.512129380053908"
"dewpoint_65F","2026-03","all","PAD_EFFECTIVE","56","7.537012113055182"
"dewpoint_65F","2026-03","night","PAD_EFFECTIVE","38","10.242587601078167"
"dewpoint_65F","all","all","PASSIVE_VENT_COOL_HUMID","295","4.846393954328898"
"dewpoint_65F","2026-03","all","PASSIVE_VENT_COOL_HUMID","8","1.0767160161507403"
"dewpoint_65F","all","day","PASSIVE_VENT_COOL_HUMID","295","9.688013136288998"
"dewpoint_65F","2026-03","day","PASSIVE_VENT_COOL_HUMID","8","2.150537634408602"
"dewpoint_65F","2026-03","all","NEUTRAL_MIN_VENT","7","0.9421265141318977"
"dewpoint_65F","2026-03","night","NEUTRAL_MIN_VENT","2","0.5390835579514824"
"dewpoint_65F","all","all","PAD_INEFFECTIVE_DEHU_NEEDED","2163","35.534746180384424"
"dewpoint_65F","2026-03","all","PAD_INEFFECTIVE_DEHU_NEEDED","35","4.710632570659489"
"dewpoint_65F","all","night","PAD_INEFFECTIVE_DEHU_NEEDED","1380","45.36489151873767"
"dewpoint_65F","2026-03","night","PAD_INEFFECTIVE_DEHU_NEEDED","24","6.46900269541779"
"dewpoint_65F","2026-03","all","ACTIVE_HUMIDIFICATION_LIKELY","20","2.6917900403768504"
"dewpoint_65F","2026-03","night","ACTIVE_HUMIDIFICATION_LIKELY","11","2.964959568733154"
"dewpoint_65F","2026-03","night","PASSIVE_VENT_COOL_DRY","9","2.4258760107816713"
"dewpoint_65F","all","day","NEUTRAL_MIN_VENT","322","10.574712643678161"
"dewpoint_65F","2026-03","day","NEUTRAL_MIN_VENT","5","1.3440860215053763"
"dewpoint_65F","2026-03","day","ACTIVE_HUMIDIFICATION_LIKELY","9","2.4193548387096775"
"dewpoint_65F","all","day","PAD_EFFECTIVE","24","0.7881773399014779"
"dewpoint_65F","2026-03","day","PAD_EFFECTIVE","18","4.838709677419355"
"dewpoint_65F","all","day","PAD_INEFFECTIVE_DEHU_NEEDED","783","25.714285714285715"
"dewpoint_65F","2026-03","day","PAD_INEFFECTIVE_DEHU_NEEDED","11","2.956989247311828"
"dewpoint_65F","2026-04","all","PAD_MARGINAL","19","2.638888888888889"
"dewpoint_65F","2026-04","night","PAD_MARGINAL","19","5.277777777777778"
"dewpoint_65F","2026-04","all","PAD_EFFECTIVE","21","2.9166666666666665"
"dewpoint_65F","2026-04","night","PAD_EFFECTIVE","19","5.277777777777778"
"dewpoint_65F","2026-04","all","PASSIVE_VENT_COOL_DRY","108","15"
"dewpoint_65F","2026-04","day","PASSIVE_VENT_COOL_DRY","97","26.944444444444443"
"dewpoint_65F","2026-04","all","PASSIVE_HUMIDIFY_OPPORTUNITY","78","10.833333333333334"
"dewpoint_65F","2026-04","day","PASSIVE_HUMIDIFY_OPPORTUNITY","34","9.444444444444445"
"dewpoint_65F","2026-04","all","PAD_INEFFECTIVE_DEHU_NEEDED","90","12.5"
"dewpoint_65F","2026-04","night","PAD_INEFFECTIVE_DEHU_NEEDED","85","23.61111111111111"
"dewpoint_65F","2026-04","all","NEUTRAL_MIN_VENT","31","4.305555555555555"
"dewpoint_65F","2026-04","night","NEUTRAL_MIN_VENT","3","0.8333333333333334"
"dewpoint_65F","2026-04","night","PASSIVE_HUMIDIFY_OPPORTUNITY","44","12.222222222222221"
"dewpoint_65F","2026-04","all","HEAT_MIN_VENT","19","2.638888888888889"
"dewpoint_65F","2026-04","day","HEAT_MIN_VENT","18","5"
"dewpoint_65F","2026-04","day","PAD_EFFECTIVE","2","0.5555555555555556"
"dewpoint_65F","2026-04","day","NEUTRAL_MIN_VENT","28","7.777777777777778"
"dewpoint_65F","2026-04","all","MISSING_DATA","4","0.5555555555555556"
"dewpoint_65F","2026-04","night","MISSING_DATA","4","1.1111111111111112"
"dewpoint_65F","2026-04","all","PASSIVE_VENT_COOL_HUMID","47","6.527777777777778"
"dewpoint_65F","2026-04","day","PASSIVE_VENT_COOL_HUMID","47","13.055555555555555"
"dewpoint_65F","2026-04","all","HEAT_MAJOR_VENT_DRY","285","39.583333333333336"
"dewpoint_65F","2026-04","night","HEAT_MAJOR_VENT_DRY","159","44.166666666666664"
"dewpoint_65F","2026-04","day","HEAT_MAJOR_VENT_DRY","126","35"
"dewpoint_65F","2026-04","all","ACTIVE_HUMIDIFICATION_LIKELY","15","2.0833333333333335"
"dewpoint_65F","2026-04","night","ACTIVE_HUMIDIFICATION_LIKELY","15","4.166666666666667"
"dewpoint_65F","2026-04","night","PASSIVE_VENT_COOL_DRY","11","3.0555555555555554"
"dewpoint_65F","all","night","HEAT_MIN_VENT","2","0.06574621959237344"
"dewpoint_65F","2026-04","night","HEAT_MIN_VENT","1","0.2777777777777778"
"dewpoint_65F","all","all","HEAT_VENT_HUMID","13","0.21356990307212093"
"dewpoint_65F","2026-04","all","HEAT_VENT_HUMID","3","0.4166666666666667"
"dewpoint_65F","all","day","HEAT_VENT_HUMID","13","0.4269293924466338"
"dewpoint_65F","2026-04","day","HEAT_VENT_HUMID","3","0.8333333333333334"
"dewpoint_65F","2026-04","day","PAD_INEFFECTIVE_DEHU_NEEDED","5","1.3888888888888888"
"dewpoint_65F","2026-05","all","HEAT_MAJOR_VENT_DRY","222","29.838709677419356"
"dewpoint_65F","2026-05","night","HEAT_MAJOR_VENT_DRY","113","30.376344086021504"
"dewpoint_65F","2026-05","day","HEAT_MAJOR_VENT_DRY","109","29.301075268817204"
"dewpoint_65F","2026-05","all","PASSIVE_VENT_COOL_DRY","74","9.946236559139784"
"dewpoint_65F","2026-05","day","PASSIVE_VENT_COOL_DRY","59","15.86021505376344"
"dewpoint_65F","2026-05","all","ACTIVE_HUMIDIFICATION_LIKELY","29","3.8978494623655915"
"dewpoint_65F","2026-05","night","ACTIVE_HUMIDIFICATION_LIKELY","7","1.881720430107527"
"dewpoint_65F","2026-05","night","PASSIVE_VENT_COOL_DRY","15","4.032258064516129"
"dewpoint_65F","2026-05","all","NEUTRAL_MIN_VENT","52","6.989247311827957"
"dewpoint_65F","2026-05","day","NEUTRAL_MIN_VENT","45","12.096774193548388"
"dewpoint_65F","2026-05","day","ACTIVE_HUMIDIFICATION_LIKELY","22","5.913978494623656"
"dewpoint_65F","2026-05","all","PAD_EFFECTIVE","30","4.032258064516129"
"dewpoint_65F","2026-05","day","PAD_EFFECTIVE","2","0.5376344086021505"
"dewpoint_65F","2026-05","night","PAD_EFFECTIVE","28","7.526881720430108"
"dewpoint_65F","2026-05","all","PASSIVE_HUMIDIFY_OPPORTUNITY","102","13.709677419354838"
"dewpoint_65F","2026-05","night","PASSIVE_HUMIDIFY_OPPORTUNITY","66","17.741935483870968"
"dewpoint_65F","2026-05","day","PASSIVE_HUMIDIFY_OPPORTUNITY","36","9.67741935483871"
"dewpoint_65F","2026-05","all","PAD_MARGINAL","18","2.4193548387096775"
"dewpoint_65F","2026-05","night","PAD_MARGINAL","18","4.838709677419355"
"dewpoint_65F","2026-05","night","NEUTRAL_MIN_VENT","7","1.881720430107527"
"dewpoint_65F","2026-05","all","PASSIVE_VENT_COOL_HUMID","38","5.10752688172043"
"dewpoint_65F","2026-05","day","PASSIVE_VENT_COOL_HUMID","38","10.21505376344086"
"dewpoint_65F","2026-05","all","PAD_INEFFECTIVE_DEHU_NEEDED","154","20.698924731182796"
"dewpoint_65F","2026-05","night","PAD_INEFFECTIVE_DEHU_NEEDED","115","30.913978494623656"
"dewpoint_65F","2026-05","day","PAD_INEFFECTIVE_DEHU_NEEDED","39","10.483870967741936"
"dewpoint_65F","2026-05","all","MISSING_DATA","2","0.26881720430107525"
"dewpoint_65F","2026-05","night","MISSING_DATA","2","0.5376344086021505"
"dewpoint_65F","2026-05","all","HEAT_MIN_VENT","14","1.881720430107527"
"dewpoint_65F","2026-05","day","HEAT_MIN_VENT","13","3.4946236559139785"
"dewpoint_65F","2026-05","all","HEAT_VENT_HUMID","9","1.2096774193548387"
"dewpoint_65F","2026-05","day","HEAT_VENT_HUMID","9","2.4193548387096775"
"dewpoint_65F","2026-05","night","HEAT_MIN_VENT","1","0.26881720430107525"
"dewpoint_65F","2026-06","all","PAD_INEFFECTIVE_DEHU_NEEDED","427","59.30555555555556"
"dewpoint_65F","2026-06","night","PAD_INEFFECTIVE_DEHU_NEEDED","306","85"
"dewpoint_65F","2026-06","all","PASSIVE_VENT_COOL_HUMID","114","15.833333333333334"
"dewpoint_65F","2026-06","day","PASSIVE_VENT_COOL_HUMID","114","31.666666666666668"
"dewpoint_65F","2026-06","all","NEUTRAL_MIN_VENT","99","13.75"
"dewpoint_65F","2026-06","day","NEUTRAL_MIN_VENT","89","24.72222222222222"
"dewpoint_65F","2026-06","day","PAD_INEFFECTIVE_DEHU_NEEDED","121","33.611111111111114"
"dewpoint_65F","2026-06","night","NEUTRAL_MIN_VENT","10","2.7777777777777777"
"dewpoint_65F","2026-06","all","PASSIVE_HUMIDIFY_OPPORTUNITY","42","5.833333333333333"
"dewpoint_65F","2026-06","day","PASSIVE_HUMIDIFY_OPPORTUNITY","10","2.7777777777777777"
"dewpoint_65F","2026-06","all","PASSIVE_VENT_COOL_DRY","21","2.9166666666666665"
"dewpoint_65F","2026-06","day","PASSIVE_VENT_COOL_DRY","21","5.833333333333333"
"dewpoint_65F","2026-06","all","PAD_MARGINAL","11","1.5277777777777777"
"dewpoint_65F","2026-06","night","PAD_MARGINAL","11","3.0555555555555554"
"dewpoint_65F","2026-06","night","PASSIVE_HUMIDIFY_OPPORTUNITY","32","8.88888888888889"
"dewpoint_65F","2026-06","all","HEAT_MIN_VENT","2","0.2777777777777778"
"dewpoint_65F","2026-06","day","HEAT_MIN_VENT","2","0.5555555555555556"
"dewpoint_65F","2026-06","all","ACTIVE_HUMIDIFICATION_LIKELY","2","0.2777777777777778"
"dewpoint_65F","2026-06","day","ACTIVE_HUMIDIFICATION_LIKELY","2","0.5555555555555556"
"dewpoint_65F","2026-06","all","PAD_EFFECTIVE","1","0.1388888888888889"
"dewpoint_65F","2026-06","night","PAD_EFFECTIVE","1","0.2777777777777778"
"dewpoint_65F","2026-06","all","HEAT_VENT_HUMID","1","0.1388888888888889"
"dewpoint_65F","2026-06","day","HEAT_VENT_HUMID","1","0.2777777777777778"
"dewpoint_65F","2026-07","all","PAD_INEFFECTIVE_DEHU_NEEDED","621","83.46774193548387"
"dewpoint_65F","2026-07","night","PAD_INEFFECTIVE_DEHU_NEEDED","370","99.46236559139786"
"dewpoint_65F","2026-07","all","PASSIVE_VENT_COOL_HUMID","34","4.56989247311828"
"dewpoint_65F","2026-07","day","PASSIVE_VENT_COOL_HUMID","34","9.13978494623656"
"dewpoint_65F","2026-07","all","NEUTRAL_MIN_VENT","87","11.693548387096774"
"dewpoint_65F","2026-07","day","NEUTRAL_MIN_VENT","85","22.849462365591396"
"dewpoint_65F","2026-07","day","PAD_INEFFECTIVE_DEHU_NEEDED","251","67.47311827956989"
"dewpoint_65F","2026-07","night","NEUTRAL_MIN_VENT","2","0.5376344086021505"
"dewpoint_65F","2026-07","all","MISSING_DATA","2","0.26881720430107525"
"dewpoint_65F","2026-07","day","MISSING_DATA","2","0.5376344086021505"
"dewpoint_65F","2026-08","all","PAD_INEFFECTIVE_DEHU_NEEDED","622","83.60215053763442"
"dewpoint_65F","2026-08","night","PAD_INEFFECTIVE_DEHU_NEEDED","356","95.6989247311828"
"dewpoint_65F","2026-08","all","PASSIVE_VENT_COOL_DRY","12","1.6129032258064515"
"dewpoint_65F","2026-08","day","PASSIVE_VENT_COOL_DRY","12","3.225806451612903"
"dewpoint_65F","2026-08","all","PASSIVE_HUMIDIFY_OPPORTUNITY","13","1.7473118279569892"
"dewpoint_65F","2026-08","day","PASSIVE_HUMIDIFY_OPPORTUNITY","6","1.6129032258064515"
"dewpoint_65F","2026-08","day","PAD_INEFFECTIVE_DEHU_NEEDED","266","71.50537634408602"
"dewpoint_65F","2026-08","night","PASSIVE_HUMIDIFY_OPPORTUNITY","7","1.881720430107527"
"dewpoint_65F","2026-08","all","PASSIVE_VENT_COOL_HUMID","37","4.973118279569892"
"dewpoint_65F","2026-08","day","PASSIVE_VENT_COOL_HUMID","37","9.946236559139784"
"dewpoint_65F","2026-08","all","NEUTRAL_MIN_VENT","48","6.451612903225806"
"dewpoint_65F","2026-08","day","NEUTRAL_MIN_VENT","48","12.903225806451612"
"dewpoint_65F","2026-08","all","PAD_MARGINAL","8","1.075268817204301"
"dewpoint_65F","2026-08","night","PAD_MARGINAL","8","2.150537634408602"
"dewpoint_65F","2026-08","all","PAD_EFFECTIVE","3","0.4032258064516129"
"dewpoint_65F","2026-08","night","PAD_EFFECTIVE","1","0.26881720430107525"
"dewpoint_65F","2026-08","all","HEAT_MAJOR_VENT_DRY","1","0.13440860215053763"
"dewpoint_65F","2026-08","day","HEAT_MAJOR_VENT_DRY","1","0.26881720430107525"
"dewpoint_65F","2026-08","day","PAD_EFFECTIVE","2","0.5376344086021505"
"dewpoint_65F","2026-09","all","PAD_INEFFECTIVE_DEHU_NEEDED","214","83.59375"
"dewpoint_65F","2026-09","night","PAD_INEFFECTIVE_DEHU_NEEDED","124","97.63779527559055"
"dewpoint_65F","2026-09","all","NEUTRAL_MIN_VENT","24","9.375"
"dewpoint_65F","2026-09","day","NEUTRAL_MIN_VENT","22","17.05426356589147"
"dewpoint_65F","2026-09","day","PAD_INEFFECTIVE_DEHU_NEEDED","90","69.76744186046511"
"dewpoint_65F","2026-09","all","PASSIVE_VENT_COOL_HUMID","17","6.640625"
"dewpoint_65F","2026-09","day","PASSIVE_VENT_COOL_HUMID","17","13.178294573643411"
"dewpoint_65F","2026-09","all","MISSING_DATA","1","0.390625"
"dewpoint_65F","2026-09","night","MISSING_DATA","1","0.7874015748031497"
"dewpoint_65F","2026-09","night","NEUTRAL_MIN_VENT","2","1.5748031496062993"
"maximum_80F","all","all","HEAT_MAJOR_VENT_DRY","2086","34.26975521603417"
"maximum_80F","2026-01","all","HEAT_MAJOR_VENT_DRY","710","95.43010752688173"
"maximum_80F","all","night","HEAT_MAJOR_VENT_DRY","1068","35.108481262327416"
"maximum_80F","2026-01","night","HEAT_MAJOR_VENT_DRY","362","97.31182795698925"
"maximum_80F","all","day","HEAT_MAJOR_VENT_DRY","1018","33.431855500821015"
"maximum_80F","2026-01","day","HEAT_MAJOR_VENT_DRY","348","93.54838709677419"
"maximum_80F","all","all","PASSIVE_VENT_COOL_DRY","302","4.961393132906194"
"maximum_80F","2026-01","all","PASSIVE_VENT_COOL_DRY","21","2.8225806451612905"
"maximum_80F","all","day","PASSIVE_VENT_COOL_DRY","268","8.801313628899836"
"maximum_80F","2026-01","day","PASSIVE_VENT_COOL_DRY","20","5.376344086021505"
"maximum_80F","all","night","PASSIVE_VENT_COOL_DRY","34","1.1176857330703485"
"maximum_80F","2026-01","night","PASSIVE_VENT_COOL_DRY","1","0.26881720430107525"
"maximum_80F","all","all","HEAT_MIN_VENT","97","1.5935600459996715"
"maximum_80F","2026-01","all","HEAT_MIN_VENT","3","0.4032258064516129"
"maximum_80F","all","night","HEAT_MIN_VENT","56","1.8408941485864563"
"maximum_80F","2026-01","night","HEAT_MIN_VENT","2","0.5376344086021505"
"maximum_80F","all","all","PASSIVE_VENT_COOL_HUMID","408","6.702809265648103"
"maximum_80F","2026-01","all","PASSIVE_VENT_COOL_HUMID","1","0.13440860215053763"
"maximum_80F","all","night","PASSIVE_VENT_COOL_HUMID","10","0.32873109796186717"
"maximum_80F","2026-01","night","PASSIVE_VENT_COOL_HUMID","1","0.26881720430107525"
"maximum_80F","all","day","HEAT_MIN_VENT","41","1.3464696223316912"
"maximum_80F","2026-01","day","HEAT_MIN_VENT","1","0.26881720430107525"
"maximum_80F","all","all","HEAT_VENT_HUMID","73","1.1992771480203712"
"maximum_80F","2026-01","all","HEAT_VENT_HUMID","3","0.4032258064516129"
"maximum_80F","all","day","HEAT_VENT_HUMID","49","1.6091954022988506"
"maximum_80F","2026-01","day","HEAT_VENT_HUMID","3","0.8064516129032258"
"maximum_80F","all","all","PAD_EFFECTIVE","109","1.7907014949893214"
"maximum_80F","2026-01","all","PAD_EFFECTIVE","1","0.13440860215053763"
"maximum_80F","all","night","PAD_EFFECTIVE","69","2.2682445759368837"
"maximum_80F","2026-01","night","PAD_EFFECTIVE","1","0.26881720430107525"
"maximum_80F","all","all","MISSING_DATA","23","0.3778544438968293"
"maximum_80F","2026-01","all","MISSING_DATA","4","0.5376344086021505"
"maximum_80F","all","night","MISSING_DATA","18","0.591715976331361"
"maximum_80F","2026-01","night","MISSING_DATA","4","1.075268817204301"
"maximum_80F","all","all","ACTIVE_HUMIDIFICATION_LIKELY","27","0.44356826022671264"
"maximum_80F","2026-01","all","ACTIVE_HUMIDIFICATION_LIKELY","1","0.13440860215053763"
"maximum_80F","all","night","ACTIVE_HUMIDIFICATION_LIKELY","15","0.4930966469428008"
"maximum_80F","2026-01","night","ACTIVE_HUMIDIFICATION_LIKELY","1","0.26881720430107525"
"maximum_80F","2026-02","all","HEAT_MAJOR_VENT_DRY","549","81.69642857142857"
"maximum_80F","2026-02","night","HEAT_MAJOR_VENT_DRY","295","87.79761904761905"
"maximum_80F","2026-02","day","HEAT_MAJOR_VENT_DRY","254","75.5952380952381"
"maximum_80F","2026-02","all","MISSING_DATA","10","1.4880952380952381"
"maximum_80F","all","day","MISSING_DATA","5","0.16420361247947454"
"maximum_80F","2026-02","day","MISSING_DATA","3","0.8928571428571429"
"maximum_80F","2026-02","all","PASSIVE_VENT_COOL_DRY","78","11.607142857142858"
"maximum_80F","2026-02","day","PASSIVE_VENT_COOL_DRY","70","20.833333333333332"
"maximum_80F","2026-02","all","ACTIVE_HUMIDIFICATION_LIKELY","9","1.3392857142857142"
"maximum_80F","all","day","ACTIVE_HUMIDIFICATION_LIKELY","12","0.39408866995073893"
"maximum_80F","2026-02","day","ACTIVE_HUMIDIFICATION_LIKELY","4","1.1904761904761905"
"maximum_80F","2026-02","all","PAD_EFFECTIVE","11","1.6369047619047619"
"maximum_80F","2026-02","night","PAD_EFFECTIVE","10","2.9761904761904763"
"maximum_80F","2026-02","night","PASSIVE_VENT_COOL_DRY","8","2.380952380952381"
"maximum_80F","2026-02","night","MISSING_DATA","7","2.0833333333333335"
"maximum_80F","2026-02","all","HEAT_MIN_VENT","7","1.0416666666666667"
"maximum_80F","2026-02","day","HEAT_MIN_VENT","4","1.1904761904761905"
"maximum_80F","2026-02","night","HEAT_MIN_VENT","3","0.8928571428571429"
"maximum_80F","all","all","PAD_INEFFECTIVE_DEHU_NEEDED","2686","44.12682766551667"
"maximum_80F","2026-02","all","PAD_INEFFECTIVE_DEHU_NEEDED","3","0.44642857142857145"
"maximum_80F","all","night","PAD_INEFFECTIVE_DEHU_NEEDED","1642","53.977646285338594"
"maximum_80F","2026-02","night","PAD_INEFFECTIVE_DEHU_NEEDED","3","0.8928571428571429"
"maximum_80F","all","all","PAD_MARGINAL","75","1.232134056185313"
"maximum_80F","2026-02","all","PAD_MARGINAL","4","0.5952380952380952"
"maximum_80F","all","night","PAD_MARGINAL","75","2.465483234714004"
"maximum_80F","2026-02","night","PAD_MARGINAL","4","1.1904761904761905"
"maximum_80F","2026-02","night","ACTIVE_HUMIDIFICATION_LIKELY","5","1.4880952380952381"
"maximum_80F","all","day","PAD_EFFECTIVE","40","1.3136288998357963"
"maximum_80F","2026-02","day","PAD_EFFECTIVE","1","0.2976190476190476"
"maximum_80F","all","all","NEUTRAL_MIN_VENT","153","2.5135534746180386"
"maximum_80F","2026-02","all","NEUTRAL_MIN_VENT","1","0.1488095238095238"
"maximum_80F","all","night","NEUTRAL_MIN_VENT","22","0.7232084155161078"
"maximum_80F","2026-02","night","NEUTRAL_MIN_VENT","1","0.2976190476190476"
"maximum_80F","2026-03","all","HEAT_MAJOR_VENT_DRY","418","56.258411843876175"
"maximum_80F","2026-03","night","HEAT_MAJOR_VENT_DRY","211","56.8733153638814"
"maximum_80F","2026-03","day","HEAT_MAJOR_VENT_DRY","207","55.645161290322584"
"maximum_80F","2026-03","all","HEAT_MIN_VENT","10","1.3458950201884252"
"maximum_80F","2026-03","day","HEAT_MIN_VENT","9","2.4193548387096775"
"maximum_80F","2026-03","all","PASSIVE_VENT_COOL_DRY","74","9.959623149394348"
"maximum_80F","2026-03","day","PASSIVE_VENT_COOL_DRY","65","17.473118279569892"
"maximum_80F","all","all","PASSIVE_HUMIDIFY_OPPORTUNITY","48","0.7885657959586003"
"maximum_80F","2026-03","all","PASSIVE_HUMIDIFY_OPPORTUNITY","14","1.8842530282637955"
"maximum_80F","all","day","PASSIVE_HUMIDIFY_OPPORTUNITY","39","1.2807881773399015"
"maximum_80F","2026-03","day","PASSIVE_HUMIDIFY_OPPORTUNITY","12","3.225806451612903"
"maximum_80F","2026-03","all","PAD_INEFFECTIVE_DEHU_NEEDED","128","17.227456258411845"
"maximum_80F","2026-03","night","PAD_INEFFECTIVE_DEHU_NEEDED","91","24.528301886792452"
"maximum_80F","2026-03","all","PASSIVE_VENT_COOL_HUMID","20","2.6917900403768504"
"maximum_80F","all","day","PASSIVE_VENT_COOL_HUMID","398","13.070607553366173"
"maximum_80F","2026-03","day","PASSIVE_VENT_COOL_HUMID","20","5.376344086021505"
"maximum_80F","2026-03","night","HEAT_MIN_VENT","1","0.2695417789757412"
"maximum_80F","2026-03","all","PAD_EFFECTIVE","33","4.441453566621804"
"maximum_80F","2026-03","night","PAD_EFFECTIVE","18","4.8517520215633425"
"maximum_80F","2026-03","all","ACTIVE_HUMIDIFICATION_LIKELY","9","1.2113055181695829"
"maximum_80F","2026-03","night","ACTIVE_HUMIDIFICATION_LIKELY","4","1.0781671159029649"
"maximum_80F","2026-03","night","PASSIVE_VENT_COOL_DRY","9","2.4258760107816713"
"maximum_80F","2026-03","all","NEUTRAL_MIN_VENT","2","0.2691790040376851"
"maximum_80F","all","day","NEUTRAL_MIN_VENT","131","4.302134646962233"
"maximum_80F","2026-03","day","NEUTRAL_MIN_VENT","2","0.5376344086021505"
"maximum_80F","all","day","PAD_INEFFECTIVE_DEHU_NEEDED","1044","34.285714285714285"
"maximum_80F","2026-03","day","PAD_INEFFECTIVE_DEHU_NEEDED","37","9.946236559139784"
"maximum_80F","2026-03","all","PAD_MARGINAL","35","4.710632570659489"
"maximum_80F","2026-03","night","PAD_MARGINAL","35","9.433962264150944"
"maximum_80F","all","night","PASSIVE_HUMIDIFY_OPPORTUNITY","9","0.2958579881656805"
"maximum_80F","2026-03","night","PASSIVE_HUMIDIFY_OPPORTUNITY","2","0.5390835579514824"
"maximum_80F","2026-03","day","ACTIVE_HUMIDIFICATION_LIKELY","5","1.3440860215053763"
"maximum_80F","2026-03","day","PAD_EFFECTIVE","15","4.032258064516129"
"maximum_80F","2026-04","all","PAD_INEFFECTIVE_DEHU_NEEDED","175","24.305555555555557"
"maximum_80F","2026-04","night","PAD_INEFFECTIVE_DEHU_NEEDED","146","40.55555555555556"
"maximum_80F","2026-04","all","PASSIVE_VENT_COOL_DRY","62","8.61111111111111"
"maximum_80F","2026-04","day","PASSIVE_VENT_COOL_DRY","54","15"
"maximum_80F","2026-04","all","PASSIVE_HUMIDIFY_OPPORTUNITY","14","1.9444444444444444"
"maximum_80F","2026-04","day","PASSIVE_HUMIDIFY_OPPORTUNITY","11","3.0555555555555554"
"maximum_80F","2026-04","all","PASSIVE_VENT_COOL_HUMID","107","14.86111111111111"
"maximum_80F","2026-04","day","PASSIVE_VENT_COOL_HUMID","105","29.166666666666668"
"maximum_80F","2026-04","all","NEUTRAL_MIN_VENT","19","2.638888888888889"
"maximum_80F","2026-04","day","NEUTRAL_MIN_VENT","14","3.888888888888889"
"maximum_80F","2026-04","all","HEAT_VENT_HUMID","36","5"
"maximum_80F","2026-04","day","HEAT_VENT_HUMID","21","5.833333333333333"
"maximum_80F","2026-04","day","PAD_INEFFECTIVE_DEHU_NEEDED","29","8.055555555555555"
"maximum_80F","2026-04","all","MISSING_DATA","4","0.5555555555555556"
"maximum_80F","2026-04","night","MISSING_DATA","4","1.1111111111111112"
"maximum_80F","2026-04","all","HEAT_MAJOR_VENT_DRY","234","32.5"
"maximum_80F","2026-04","night","HEAT_MAJOR_VENT_DRY","122","33.888888888888886"
"maximum_80F","2026-04","day","HEAT_MAJOR_VENT_DRY","112","31.11111111111111"
"maximum_80F","2026-04","all","PAD_EFFECTIVE","20","2.7777777777777777"
"maximum_80F","2026-04","night","PAD_EFFECTIVE","20","5.555555555555555"
"maximum_80F","2026-04","night","PASSIVE_VENT_COOL_DRY","8","2.2222222222222223"
"maximum_80F","2026-04","all","ACTIVE_HUMIDIFICATION_LIKELY","2","0.2777777777777778"
"maximum_80F","2026-04","night","ACTIVE_HUMIDIFICATION_LIKELY","2","0.5555555555555556"
"maximum_80F","2026-04","all","PAD_MARGINAL","10","1.3888888888888888"
"maximum_80F","2026-04","night","PAD_MARGINAL","10","2.7777777777777777"
"maximum_80F","2026-04","night","PASSIVE_HUMIDIFY_OPPORTUNITY","3","0.8333333333333334"
"maximum_80F","2026-04","all","HEAT_MIN_VENT","37","5.138888888888889"
"maximum_80F","2026-04","day","HEAT_MIN_VENT","14","3.888888888888889"
"maximum_80F","2026-04","night","NEUTRAL_MIN_VENT","5","1.3888888888888888"
"maximum_80F","2026-04","night","PASSIVE_VENT_COOL_HUMID","2","0.5555555555555556"
"maximum_80F","all","night","HEAT_VENT_HUMID","24","0.7889546351084813"
"maximum_80F","2026-04","night","HEAT_VENT_HUMID","15","4.166666666666667"
"maximum_80F","2026-04","night","HEAT_MIN_VENT","23","6.388888888888889"
"maximum_80F","2026-05","all","HEAT_MAJOR_VENT_DRY","175","23.521505376344088"
"maximum_80F","2026-05","night","HEAT_MAJOR_VENT_DRY","78","20.967741935483872"
"maximum_80F","2026-05","day","HEAT_MAJOR_VENT_DRY","97","26.0752688172043"
"maximum_80F","2026-05","all","PASSIVE_VENT_COOL_DRY","53","7.123655913978495"
"maximum_80F","2026-05","day","PASSIVE_VENT_COOL_DRY","45","12.096774193548388"
"maximum_80F","2026-05","all","PAD_EFFECTIVE","42","5.645161290322581"
"maximum_80F","2026-05","night","PAD_EFFECTIVE","20","5.376344086021505"
"maximum_80F","2026-05","night","PASSIVE_VENT_COOL_DRY","8","2.150537634408602"
"maximum_80F","2026-05","all","ACTIVE_HUMIDIFICATION_LIKELY","6","0.8064516129032258"
"maximum_80F","2026-05","night","ACTIVE_HUMIDIFICATION_LIKELY","3","0.8064516129032258"
"maximum_80F","2026-05","all","NEUTRAL_MIN_VENT","41","5.510752688172043"
"maximum_80F","2026-05","day","NEUTRAL_MIN_VENT","26","6.989247311827957"
"maximum_80F","2026-05","day","PAD_EFFECTIVE","22","5.913978494623656"
"maximum_80F","2026-05","all","PAD_MARGINAL","26","3.4946236559139785"
"maximum_80F","2026-05","night","PAD_MARGINAL","26","6.989247311827957"
"maximum_80F","2026-05","all","PASSIVE_HUMIDIFY_OPPORTUNITY","7","0.9408602150537635"
"maximum_80F","2026-05","night","PASSIVE_HUMIDIFY_OPPORTUNITY","3","0.8064516129032258"
"maximum_80F","2026-05","day","PASSIVE_HUMIDIFY_OPPORTUNITY","4","1.075268817204301"
"maximum_80F","2026-05","all","PAD_INEFFECTIVE_DEHU_NEEDED","257","34.543010752688176"
"maximum_80F","2026-05","day","PAD_INEFFECTIVE_DEHU_NEEDED","83","22.311827956989248"
"maximum_80F","2026-05","night","PAD_INEFFECTIVE_DEHU_NEEDED","174","46.774193548387096"
"maximum_80F","2026-05","all","HEAT_MIN_VENT","39","5.241935483870968"
"maximum_80F","2026-05","day","HEAT_MIN_VENT","12","3.225806451612903"
"maximum_80F","2026-05","night","NEUTRAL_MIN_VENT","15","4.032258064516129"
"maximum_80F","2026-05","all","PASSIVE_VENT_COOL_HUMID","65","8.736559139784946"
"maximum_80F","2026-05","night","PASSIVE_VENT_COOL_HUMID","7","1.881720430107527"
"maximum_80F","2026-05","all","HEAT_VENT_HUMID","31","4.166666666666667"
"maximum_80F","2026-05","night","HEAT_VENT_HUMID","9","2.4193548387096775"
"maximum_80F","2026-05","night","HEAT_MIN_VENT","27","7.258064516129032"
"maximum_80F","2026-05","day","PASSIVE_VENT_COOL_HUMID","58","15.591397849462366"
"maximum_80F","2026-05","day","ACTIVE_HUMIDIFICATION_LIKELY","3","0.8064516129032258"
"maximum_80F","2026-05","all","MISSING_DATA","2","0.26881720430107525"
"maximum_80F","2026-05","night","MISSING_DATA","2","0.5376344086021505"
"maximum_80F","2026-05","day","HEAT_VENT_HUMID","22","5.913978494623656"
"maximum_80F","2026-06","all","PAD_INEFFECTIVE_DEHU_NEEDED","532","73.88888888888889"
"maximum_80F","2026-06","night","PAD_INEFFECTIVE_DEHU_NEEDED","359","99.72222222222223"
"maximum_80F","2026-06","all","PASSIVE_VENT_COOL_HUMID","122","16.944444444444443"
"maximum_80F","2026-06","day","PASSIVE_VENT_COOL_HUMID","122","33.888888888888886"
"maximum_80F","2026-06","day","PAD_INEFFECTIVE_DEHU_NEEDED","173","48.05555555555556"
"maximum_80F","2026-06","all","NEUTRAL_MIN_VENT","43","5.972222222222222"
"maximum_80F","2026-06","day","NEUTRAL_MIN_VENT","42","11.666666666666666"
"maximum_80F","2026-06","all","PASSIVE_VENT_COOL_DRY","10","1.3888888888888888"
"maximum_80F","2026-06","day","PASSIVE_VENT_COOL_DRY","10","2.7777777777777777"
"maximum_80F","2026-06","all","PASSIVE_HUMIDIFY_OPPORTUNITY","8","1.1111111111111112"
"maximum_80F","2026-06","day","PASSIVE_HUMIDIFY_OPPORTUNITY","8","2.2222222222222223"
"maximum_80F","2026-06","all","HEAT_VENT_HUMID","3","0.4166666666666667"
"maximum_80F","2026-06","day","HEAT_VENT_HUMID","3","0.8333333333333334"
"maximum_80F","2026-06","all","PAD_EFFECTIVE","2","0.2777777777777778"
"maximum_80F","2026-06","day","PAD_EFFECTIVE","2","0.5555555555555556"
"maximum_80F","2026-06","night","NEUTRAL_MIN_VENT","1","0.2777777777777778"
"maximum_80F","2026-07","all","PAD_INEFFECTIVE_DEHU_NEEDED","682","91.66666666666667"
"maximum_80F","2026-07","night","PAD_INEFFECTIVE_DEHU_NEEDED","372","100"
"maximum_80F","2026-07","all","PASSIVE_VENT_COOL_HUMID","34","4.56989247311828"
"maximum_80F","2026-07","day","PASSIVE_VENT_COOL_HUMID","34","9.13978494623656"
"maximum_80F","2026-07","all","NEUTRAL_MIN_VENT","26","3.4946236559139785"
"maximum_80F","2026-07","day","NEUTRAL_MIN_VENT","26","6.989247311827957"
"maximum_80F","2026-07","day","PAD_INEFFECTIVE_DEHU_NEEDED","310","83.33333333333333"
"maximum_80F","2026-07","all","MISSING_DATA","2","0.26881720430107525"
"maximum_80F","2026-07","day","MISSING_DATA","2","0.5376344086021505"
"maximum_80F","2026-08","all","PAD_INEFFECTIVE_DEHU_NEEDED","677","90.99462365591398"
"maximum_80F","2026-08","night","PAD_INEFFECTIVE_DEHU_NEEDED","371","99.73118279569893"
"maximum_80F","2026-08","all","PASSIVE_VENT_COOL_DRY","4","0.5376344086021505"
"maximum_80F","2026-08","day","PASSIVE_VENT_COOL_DRY","4","1.075268817204301"
"maximum_80F","2026-08","all","PASSIVE_HUMIDIFY_OPPORTUNITY","5","0.6720430107526881"
"maximum_80F","2026-08","day","PASSIVE_HUMIDIFY_OPPORTUNITY","4","1.075268817204301"
"maximum_80F","2026-08","day","PAD_INEFFECTIVE_DEHU_NEEDED","306","82.25806451612904"
"maximum_80F","2026-08","all","PASSIVE_VENT_COOL_HUMID","42","5.645161290322581"
"maximum_80F","2026-08","day","PASSIVE_VENT_COOL_HUMID","42","11.290322580645162"
"maximum_80F","2026-08","all","NEUTRAL_MIN_VENT","15","2.0161290322580645"
"maximum_80F","2026-08","day","NEUTRAL_MIN_VENT","15","4.032258064516129"
"maximum_80F","2026-08","night","PASSIVE_HUMIDIFY_OPPORTUNITY","1","0.26881720430107525"
"maximum_80F","2026-08","all","HEAT_MIN_VENT","1","0.13440860215053763"
"maximum_80F","2026-08","day","HEAT_MIN_VENT","1","0.26881720430107525"
"maximum_80F","2026-09","all","PAD_INEFFECTIVE_DEHU_NEEDED","232","90.625"
"maximum_80F","2026-09","night","PAD_INEFFECTIVE_DEHU_NEEDED","126","99.21259842519684"
"maximum_80F","2026-09","day","PAD_INEFFECTIVE_DEHU_NEEDED","106","82.17054263565892"
"maximum_80F","2026-09","all","NEUTRAL_MIN_VENT","6","2.34375"
"maximum_80F","2026-09","day","NEUTRAL_MIN_VENT","6","4.651162790697675"
"maximum_80F","2026-09","all","PASSIVE_VENT_COOL_HUMID","17","6.640625"
"maximum_80F","2026-09","day","PASSIVE_VENT_COOL_HUMID","17","13.178294573643411"
"maximum_80F","2026-09","all","MISSING_DATA","1","0.390625"
"maximum_80F","2026-09","night","MISSING_DATA","1","0.7874015748031497"
"maximum_85F","all","all","HEAT_MAJOR_VENT_DRY","2086","34.26975521603417"
"maximum_85F","2026-01","all","HEAT_MAJOR_VENT_DRY","710","95.43010752688173"
"maximum_85F","all","night","HEAT_MAJOR_VENT_DRY","1068","35.108481262327416"
"maximum_85F","2026-01","night","HEAT_MAJOR_VENT_DRY","362","97.31182795698925"
"maximum_85F","all","day","HEAT_MAJOR_VENT_DRY","1018","33.431855500821015"
"maximum_85F","2026-01","day","HEAT_MAJOR_VENT_DRY","348","93.54838709677419"
"maximum_85F","all","all","PASSIVE_VENT_COOL_DRY","302","4.961393132906194"
"maximum_85F","2026-01","all","PASSIVE_VENT_COOL_DRY","21","2.8225806451612905"
"maximum_85F","all","day","PASSIVE_VENT_COOL_DRY","268","8.801313628899836"
"maximum_85F","2026-01","day","PASSIVE_VENT_COOL_DRY","20","5.376344086021505"
"maximum_85F","all","night","PASSIVE_VENT_COOL_DRY","34","1.1176857330703485"
"maximum_85F","2026-01","night","PASSIVE_VENT_COOL_DRY","1","0.26881720430107525"
"maximum_85F","all","all","HEAT_MIN_VENT","97","1.5935600459996715"
"maximum_85F","2026-01","all","HEAT_MIN_VENT","3","0.4032258064516129"
"maximum_85F","all","night","HEAT_MIN_VENT","56","1.8408941485864563"
"maximum_85F","2026-01","night","HEAT_MIN_VENT","2","0.5376344086021505"
"maximum_85F","all","all","PASSIVE_VENT_COOL_HUMID","408","6.702809265648103"
"maximum_85F","2026-01","all","PASSIVE_VENT_COOL_HUMID","1","0.13440860215053763"
"maximum_85F","all","night","PASSIVE_VENT_COOL_HUMID","10","0.32873109796186717"
"maximum_85F","2026-01","night","PASSIVE_VENT_COOL_HUMID","1","0.26881720430107525"
"maximum_85F","all","day","HEAT_MIN_VENT","41","1.3464696223316912"
"maximum_85F","2026-01","day","HEAT_MIN_VENT","1","0.26881720430107525"
"maximum_85F","all","all","HEAT_VENT_HUMID","73","1.1992771480203712"
"maximum_85F","2026-01","all","HEAT_VENT_HUMID","3","0.4032258064516129"
"maximum_85F","all","day","HEAT_VENT_HUMID","49","1.6091954022988506"
"maximum_85F","2026-01","day","HEAT_VENT_HUMID","3","0.8064516129032258"
"maximum_85F","all","all","NEUTRAL_MIN_VENT","477","7.83637259733859"
"maximum_85F","2026-01","all","NEUTRAL_MIN_VENT","1","0.13440860215053763"
"maximum_85F","all","night","NEUTRAL_MIN_VENT","133","4.372123602892834"
"maximum_85F","2026-01","night","NEUTRAL_MIN_VENT","1","0.26881720430107525"
"maximum_85F","all","all","MISSING_DATA","23","0.3778544438968293"
"maximum_85F","2026-01","all","MISSING_DATA","4","0.5376344086021505"
"maximum_85F","all","night","MISSING_DATA","18","0.591715976331361"
"maximum_85F","2026-01","night","MISSING_DATA","4","1.075268817204301"
"maximum_85F","all","all","ACTIVE_HUMIDIFICATION_LIKELY","80","1.3142763265976671"
"maximum_85F","2026-01","all","ACTIVE_HUMIDIFICATION_LIKELY","1","0.13440860215053763"
"maximum_85F","all","night","ACTIVE_HUMIDIFICATION_LIKELY","42","1.3806706114398422"
"maximum_85F","2026-01","night","ACTIVE_HUMIDIFICATION_LIKELY","1","0.26881720430107525"
"maximum_85F","2026-02","all","HEAT_MAJOR_VENT_DRY","549","81.69642857142857"
"maximum_85F","2026-02","night","HEAT_MAJOR_VENT_DRY","295","87.79761904761905"
"maximum_85F","2026-02","day","HEAT_MAJOR_VENT_DRY","254","75.5952380952381"
"maximum_85F","2026-02","all","MISSING_DATA","10","1.4880952380952381"
"maximum_85F","all","day","MISSING_DATA","5","0.16420361247947454"
"maximum_85F","2026-02","day","MISSING_DATA","3","0.8928571428571429"
"maximum_85F","2026-02","all","PASSIVE_VENT_COOL_DRY","78","11.607142857142858"
"maximum_85F","2026-02","day","PASSIVE_VENT_COOL_DRY","70","20.833333333333332"
"maximum_85F","2026-02","all","ACTIVE_HUMIDIFICATION_LIKELY","13","1.9345238095238095"
"maximum_85F","all","day","ACTIVE_HUMIDIFICATION_LIKELY","38","1.2479474548440066"
"maximum_85F","2026-02","day","ACTIVE_HUMIDIFICATION_LIKELY","5","1.4880952380952381"
"maximum_85F","2026-02","night","ACTIVE_HUMIDIFICATION_LIKELY","8","2.380952380952381"
"maximum_85F","2026-02","all","NEUTRAL_MIN_VENT","3","0.44642857142857145"
"maximum_85F","2026-02","night","NEUTRAL_MIN_VENT","3","0.8928571428571429"
"maximum_85F","all","all","PASSIVE_HUMIDIFY_OPPORTUNITY","172","2.8256941021849844"
"maximum_85F","2026-02","all","PASSIVE_HUMIDIFY_OPPORTUNITY","9","1.3392857142857142"
"maximum_85F","all","night","PASSIVE_HUMIDIFY_OPPORTUNITY","95","3.1229454306377384"
"maximum_85F","2026-02","night","PASSIVE_HUMIDIFY_OPPORTUNITY","9","2.6785714285714284"
"maximum_85F","2026-02","night","PASSIVE_VENT_COOL_DRY","8","2.380952380952381"
"maximum_85F","2026-02","night","MISSING_DATA","7","2.0833333333333335"
"maximum_85F","2026-02","all","HEAT_MIN_VENT","7","1.0416666666666667"
"maximum_85F","2026-02","day","HEAT_MIN_VENT","4","1.1904761904761905"
"maximum_85F","2026-02","night","HEAT_MIN_VENT","3","0.8928571428571429"
"maximum_85F","all","all","PAD_INEFFECTIVE_DEHU_NEEDED","2300","37.78544438968293"
"maximum_85F","2026-02","all","PAD_INEFFECTIVE_DEHU_NEEDED","1","0.1488095238095238"
"maximum_85F","all","night","PAD_INEFFECTIVE_DEHU_NEEDED","1505","49.47403024326101"
"maximum_85F","2026-02","night","PAD_INEFFECTIVE_DEHU_NEEDED","1","0.2976190476190476"
"maximum_85F","all","all","PAD_EFFECTIVE","67","1.1007064235255462"
"maximum_85F","2026-02","all","PAD_EFFECTIVE","2","0.2976190476190476"
"maximum_85F","all","night","PAD_EFFECTIVE","55","1.8080210387902695"
"maximum_85F","2026-02","night","PAD_EFFECTIVE","2","0.5952380952380952"
"maximum_85F","2026-03","all","HEAT_MAJOR_VENT_DRY","418","56.258411843876175"
"maximum_85F","2026-03","night","HEAT_MAJOR_VENT_DRY","211","56.8733153638814"
"maximum_85F","2026-03","day","HEAT_MAJOR_VENT_DRY","207","55.645161290322584"
"maximum_85F","2026-03","all","HEAT_MIN_VENT","10","1.3458950201884252"
"maximum_85F","2026-03","day","HEAT_MIN_VENT","9","2.4193548387096775"
"maximum_85F","2026-03","all","PASSIVE_VENT_COOL_DRY","74","9.959623149394348"
"maximum_85F","2026-03","day","PASSIVE_VENT_COOL_DRY","65","17.473118279569892"
"maximum_85F","2026-03","all","PASSIVE_HUMIDIFY_OPPORTUNITY","61","8.209959623149395"
"maximum_85F","all","day","PASSIVE_HUMIDIFY_OPPORTUNITY","77","2.528735632183908"
"maximum_85F","2026-03","day","PASSIVE_HUMIDIFY_OPPORTUNITY","27","7.258064516129032"
"maximum_85F","2026-03","all","PAD_INEFFECTIVE_DEHU_NEEDED","94","12.651413189771198"
"maximum_85F","2026-03","night","PAD_INEFFECTIVE_DEHU_NEEDED","75","20.21563342318059"
"maximum_85F","2026-03","all","PASSIVE_VENT_COOL_HUMID","20","2.6917900403768504"
"maximum_85F","all","day","PASSIVE_VENT_COOL_HUMID","398","13.070607553366173"
"maximum_85F","2026-03","day","PASSIVE_VENT_COOL_HUMID","20","5.376344086021505"
"maximum_85F","2026-03","all","NEUTRAL_MIN_VENT","13","1.749663526244953"
"maximum_85F","2026-03","night","NEUTRAL_MIN_VENT","7","1.8867924528301887"
"maximum_85F","2026-03","night","PASSIVE_HUMIDIFY_OPPORTUNITY","34","9.164420485175203"
"maximum_85F","2026-03","night","HEAT_MIN_VENT","1","0.2695417789757412"
"maximum_85F","2026-03","all","PAD_EFFECTIVE","32","4.306864064602961"
"maximum_85F","2026-03","night","PAD_EFFECTIVE","22","5.929919137466308"
"maximum_85F","2026-03","all","ACTIVE_HUMIDIFICATION_LIKELY","20","2.6917900403768504"
"maximum_85F","2026-03","night","ACTIVE_HUMIDIFICATION_LIKELY","11","2.964959568733154"
"maximum_85F","2026-03","night","PASSIVE_VENT_COOL_DRY","9","2.4258760107816713"
"maximum_85F","all","day","NEUTRAL_MIN_VENT","344","11.29720853858785"
"maximum_85F","2026-03","day","NEUTRAL_MIN_VENT","6","1.6129032258064515"
"maximum_85F","2026-03","day","ACTIVE_HUMIDIFICATION_LIKELY","9","2.4193548387096775"
"maximum_85F","all","day","PAD_EFFECTIVE","12","0.39408866995073893"
"maximum_85F","2026-03","day","PAD_EFFECTIVE","10","2.6881720430107525"
"maximum_85F","all","day","PAD_INEFFECTIVE_DEHU_NEEDED","795","26.108374384236452"
"maximum_85F","2026-03","day","PAD_INEFFECTIVE_DEHU_NEEDED","19","5.10752688172043"
"maximum_85F","all","all","PAD_MARGINAL","2","0.032856908164941676"
"maximum_85F","2026-03","all","PAD_MARGINAL","1","0.13458950201884254"
"maximum_85F","all","night","PAD_MARGINAL","2","0.06574621959237344"
"maximum_85F","2026-03","night","PAD_MARGINAL","1","0.2695417789757412"
"maximum_85F","2026-04","all","PAD_INEFFECTIVE_DEHU_NEEDED","119","16.52777777777778"
"maximum_85F","2026-04","night","PAD_INEFFECTIVE_DEHU_NEEDED","112","31.11111111111111"
"maximum_85F","2026-04","all","PASSIVE_VENT_COOL_DRY","62","8.61111111111111"
"maximum_85F","2026-04","day","PASSIVE_VENT_COOL_DRY","54","15"
"maximum_85F","2026-04","all","PASSIVE_HUMIDIFY_OPPORTUNITY","27","3.75"
"maximum_85F","2026-04","day","PASSIVE_HUMIDIFY_OPPORTUNITY","15","4.166666666666667"
"maximum_85F","2026-04","all","PASSIVE_VENT_COOL_HUMID","107","14.86111111111111"
"maximum_85F","2026-04","day","PASSIVE_VENT_COOL_HUMID","105","29.166666666666668"
"maximum_85F","2026-04","all","NEUTRAL_MIN_VENT","68","9.444444444444445"
"maximum_85F","2026-04","day","NEUTRAL_MIN_VENT","32","8.88888888888889"
"maximum_85F","2026-04","night","NEUTRAL_MIN_VENT","36","10"
"maximum_85F","2026-04","all","HEAT_VENT_HUMID","36","5"
"maximum_85F","2026-04","day","HEAT_VENT_HUMID","21","5.833333333333333"
"maximum_85F","2026-04","day","PAD_INEFFECTIVE_DEHU_NEEDED","7","1.9444444444444444"
"maximum_85F","2026-04","all","PAD_MARGINAL","1","0.1388888888888889"
"maximum_85F","2026-04","night","PAD_MARGINAL","1","0.2777777777777778"
"maximum_85F","2026-04","all","MISSING_DATA","4","0.5555555555555556"
"maximum_85F","2026-04","night","MISSING_DATA","4","1.1111111111111112"
"maximum_85F","2026-04","all","HEAT_MAJOR_VENT_DRY","234","32.5"
"maximum_85F","2026-04","night","HEAT_MAJOR_VENT_DRY","122","33.888888888888886"
"maximum_85F","2026-04","day","HEAT_MAJOR_VENT_DRY","112","31.11111111111111"
"maximum_85F","2026-04","all","ACTIVE_HUMIDIFICATION_LIKELY","15","2.0833333333333335"
"maximum_85F","2026-04","night","ACTIVE_HUMIDIFICATION_LIKELY","15","4.166666666666667"
"maximum_85F","2026-04","night","PASSIVE_VENT_COOL_DRY","8","2.2222222222222223"
"maximum_85F","2026-04","all","PAD_EFFECTIVE","10","1.3888888888888888"
"maximum_85F","2026-04","night","PAD_EFFECTIVE","10","2.7777777777777777"
"maximum_85F","2026-04","night","PASSIVE_HUMIDIFY_OPPORTUNITY","12","3.3333333333333335"
"maximum_85F","2026-04","all","HEAT_MIN_VENT","37","5.138888888888889"
"maximum_85F","2026-04","day","HEAT_MIN_VENT","14","3.888888888888889"
"maximum_85F","2026-04","night","PASSIVE_VENT_COOL_HUMID","2","0.5555555555555556"
"maximum_85F","all","night","HEAT_VENT_HUMID","24","0.7889546351084813"
"maximum_85F","2026-04","night","HEAT_VENT_HUMID","15","4.166666666666667"
"maximum_85F","2026-04","night","HEAT_MIN_VENT","23","6.388888888888889"
"maximum_85F","2026-05","all","HEAT_MAJOR_VENT_DRY","175","23.521505376344088"
"maximum_85F","2026-05","night","HEAT_MAJOR_VENT_DRY","78","20.967741935483872"
"maximum_85F","2026-05","day","HEAT_MAJOR_VENT_DRY","97","26.0752688172043"
"maximum_85F","2026-05","all","PASSIVE_VENT_COOL_DRY","53","7.123655913978495"
"maximum_85F","2026-05","day","PASSIVE_VENT_COOL_DRY","45","12.096774193548388"
"maximum_85F","2026-05","all","ACTIVE_HUMIDIFICATION_LIKELY","29","3.8978494623655915"
"maximum_85F","2026-05","night","ACTIVE_HUMIDIFICATION_LIKELY","7","1.881720430107527"
"maximum_85F","2026-05","night","PASSIVE_VENT_COOL_DRY","8","2.150537634408602"
"maximum_85F","2026-05","all","NEUTRAL_MIN_VENT","102","13.709677419354838"
"maximum_85F","2026-05","day","NEUTRAL_MIN_VENT","58","15.591397849462366"
"maximum_85F","2026-05","day","ACTIVE_HUMIDIFICATION_LIKELY","22","5.913978494623656"
"maximum_85F","2026-05","all","PAD_EFFECTIVE","23","3.0913978494623655"
"maximum_85F","2026-05","day","PAD_EFFECTIVE","2","0.5376344086021505"
"maximum_85F","2026-05","night","PAD_EFFECTIVE","21","5.645161290322581"
"maximum_85F","2026-05","all","PASSIVE_HUMIDIFY_OPPORTUNITY","46","6.182795698924731"
"maximum_85F","2026-05","night","PASSIVE_HUMIDIFY_OPPORTUNITY","29","7.795698924731183"
"maximum_85F","2026-05","day","PASSIVE_HUMIDIFY_OPPORTUNITY","17","4.56989247311828"
"maximum_85F","2026-05","all","PAD_INEFFECTIVE_DEHU_NEEDED","179","24.059139784946236"
"maximum_85F","2026-05","night","PAD_INEFFECTIVE_DEHU_NEEDED","140","37.634408602150536"
"maximum_85F","2026-05","night","NEUTRAL_MIN_VENT","44","11.827956989247312"
"maximum_85F","2026-05","all","HEAT_MIN_VENT","39","5.241935483870968"
"maximum_85F","2026-05","day","HEAT_MIN_VENT","12","3.225806451612903"
"maximum_85F","2026-05","all","PASSIVE_VENT_COOL_HUMID","65","8.736559139784946"
"maximum_85F","2026-05","night","PASSIVE_VENT_COOL_HUMID","7","1.881720430107527"
"maximum_85F","2026-05","all","HEAT_VENT_HUMID","31","4.166666666666667"
"maximum_85F","2026-05","night","HEAT_VENT_HUMID","9","2.4193548387096775"
"maximum_85F","2026-05","night","HEAT_MIN_VENT","27","7.258064516129032"
"maximum_85F","2026-05","day","PASSIVE_VENT_COOL_HUMID","58","15.591397849462366"
"maximum_85F","2026-05","day","PAD_INEFFECTIVE_DEHU_NEEDED","39","10.483870967741936"
"maximum_85F","2026-05","all","MISSING_DATA","2","0.26881720430107525"
"maximum_85F","2026-05","night","MISSING_DATA","2","0.5376344086021505"
"maximum_85F","2026-05","day","HEAT_VENT_HUMID","22","5.913978494623656"
"maximum_85F","2026-06","all","PAD_INEFFECTIVE_DEHU_NEEDED","439","60.97222222222222"
"maximum_85F","2026-06","night","PAD_INEFFECTIVE_DEHU_NEEDED","318","88.33333333333333"
"maximum_85F","2026-06","all","PASSIVE_VENT_COOL_HUMID","122","16.944444444444443"
"maximum_85F","2026-06","day","PASSIVE_VENT_COOL_HUMID","122","33.888888888888886"
"maximum_85F","2026-06","all","NEUTRAL_MIN_VENT","125","17.36111111111111"
"maximum_85F","2026-06","day","NEUTRAL_MIN_VENT","90","25"
"maximum_85F","2026-06","day","PAD_INEFFECTIVE_DEHU_NEEDED","121","33.611111111111114"
"maximum_85F","2026-06","night","NEUTRAL_MIN_VENT","35","9.722222222222221"
"maximum_85F","2026-06","all","PASSIVE_VENT_COOL_DRY","10","1.3888888888888888"
"maximum_85F","2026-06","day","PASSIVE_VENT_COOL_DRY","10","2.7777777777777777"
"maximum_85F","2026-06","all","PASSIVE_HUMIDIFY_OPPORTUNITY","19","2.638888888888889"
"maximum_85F","2026-06","day","PASSIVE_HUMIDIFY_OPPORTUNITY","12","3.3333333333333335"
"maximum_85F","2026-06","all","HEAT_VENT_HUMID","3","0.4166666666666667"
"maximum_85F","2026-06","day","HEAT_VENT_HUMID","3","0.8333333333333334"
"maximum_85F","2026-06","all","ACTIVE_HUMIDIFICATION_LIKELY","2","0.2777777777777778"
"maximum_85F","2026-06","day","ACTIVE_HUMIDIFICATION_LIKELY","2","0.5555555555555556"
"maximum_85F","2026-06","night","PASSIVE_HUMIDIFY_OPPORTUNITY","7","1.9444444444444444"
"maximum_85F","2026-07","all","PAD_INEFFECTIVE_DEHU_NEEDED","621","83.46774193548387"
"maximum_85F","2026-07","night","PAD_INEFFECTIVE_DEHU_NEEDED","370","99.46236559139786"
"maximum_85F","2026-07","all","PASSIVE_VENT_COOL_HUMID","34","4.56989247311828"
"maximum_85F","2026-07","day","PASSIVE_VENT_COOL_HUMID","34","9.13978494623656"
"maximum_85F","2026-07","all","NEUTRAL_MIN_VENT","87","11.693548387096774"
"maximum_85F","2026-07","day","NEUTRAL_MIN_VENT","85","22.849462365591396"
"maximum_85F","2026-07","day","PAD_INEFFECTIVE_DEHU_NEEDED","251","67.47311827956989"
"maximum_85F","2026-07","night","NEUTRAL_MIN_VENT","2","0.5376344086021505"
"maximum_85F","2026-07","all","MISSING_DATA","2","0.26881720430107525"
"maximum_85F","2026-07","day","MISSING_DATA","2","0.5376344086021505"
"maximum_85F","2026-08","all","PAD_INEFFECTIVE_DEHU_NEEDED","633","85.08064516129032"
"maximum_85F","2026-08","night","PAD_INEFFECTIVE_DEHU_NEEDED","365","98.11827956989248"
"maximum_85F","2026-08","all","PASSIVE_VENT_COOL_DRY","4","0.5376344086021505"
"maximum_85F","2026-08","day","PASSIVE_VENT_COOL_DRY","4","1.075268817204301"
"maximum_85F","2026-08","all","PASSIVE_HUMIDIFY_OPPORTUNITY","10","1.3440860215053763"
"maximum_85F","2026-08","day","PASSIVE_HUMIDIFY_OPPORTUNITY","6","1.6129032258064515"
"maximum_85F","2026-08","day","PAD_INEFFECTIVE_DEHU_NEEDED","268","72.04301075268818"
"maximum_85F","2026-08","all","NEUTRAL_MIN_VENT","54","7.258064516129032"
"maximum_85F","2026-08","night","NEUTRAL_MIN_VENT","3","0.8064516129032258"
"maximum_85F","2026-08","all","PASSIVE_VENT_COOL_HUMID","42","5.645161290322581"
"maximum_85F","2026-08","day","PASSIVE_VENT_COOL_HUMID","42","11.290322580645162"
"maximum_85F","2026-08","day","NEUTRAL_MIN_VENT","51","13.709677419354838"
"maximum_85F","2026-08","night","PASSIVE_HUMIDIFY_OPPORTUNITY","4","1.075268817204301"
"maximum_85F","2026-08","all","HEAT_MIN_VENT","1","0.13440860215053763"
"maximum_85F","2026-08","day","HEAT_MIN_VENT","1","0.26881720430107525"
"maximum_85F","2026-09","all","PAD_INEFFECTIVE_DEHU_NEEDED","214","83.59375"
"maximum_85F","2026-09","night","PAD_INEFFECTIVE_DEHU_NEEDED","124","97.63779527559055"
"maximum_85F","2026-09","all","NEUTRAL_MIN_VENT","24","9.375"
"maximum_85F","2026-09","day","NEUTRAL_MIN_VENT","22","17.05426356589147"
"maximum_85F","2026-09","day","PAD_INEFFECTIVE_DEHU_NEEDED","90","69.76744186046511"
"maximum_85F","2026-09","all","PASSIVE_VENT_COOL_HUMID","17","6.640625"
"maximum_85F","2026-09","day","PASSIVE_VENT_COOL_HUMID","17","13.178294573643411"
"maximum_85F","2026-09","all","MISSING_DATA","1","0.390625"
"maximum_85F","2026-09","night","MISSING_DATA","1","0.7874015748031497"
"maximum_85F","2026-09","night","NEUTRAL_MIN_VENT","2","1.5748031496062993"
"maximum_90F","all","all","HEAT_MAJOR_VENT_DRY","2086","34.26975521603417"
"maximum_90F","2026-01","all","HEAT_MAJOR_VENT_DRY","710","95.43010752688173"
"maximum_90F","all","night","HEAT_MAJOR_VENT_DRY","1068","35.108481262327416"
"maximum_90F","2026-01","night","HEAT_MAJOR_VENT_DRY","362","97.31182795698925"
"maximum_90F","all","day","HEAT_MAJOR_VENT_DRY","1018","33.431855500821015"
"maximum_90F","2026-01","day","HEAT_MAJOR_VENT_DRY","348","93.54838709677419"
"maximum_90F","all","all","PASSIVE_VENT_COOL_DRY","302","4.961393132906194"
"maximum_90F","2026-01","all","PASSIVE_VENT_COOL_DRY","21","2.8225806451612905"
"maximum_90F","all","day","PASSIVE_VENT_COOL_DRY","268","8.801313628899836"
"maximum_90F","2026-01","day","PASSIVE_VENT_COOL_DRY","20","5.376344086021505"
"maximum_90F","all","night","PASSIVE_VENT_COOL_DRY","34","1.1176857330703485"
"maximum_90F","2026-01","night","PASSIVE_VENT_COOL_DRY","1","0.26881720430107525"
"maximum_90F","all","all","HEAT_MIN_VENT","97","1.5935600459996715"
"maximum_90F","2026-01","all","HEAT_MIN_VENT","3","0.4032258064516129"
"maximum_90F","all","night","HEAT_MIN_VENT","56","1.8408941485864563"
"maximum_90F","2026-01","night","HEAT_MIN_VENT","2","0.5376344086021505"
"maximum_90F","all","all","PASSIVE_VENT_COOL_HUMID","408","6.702809265648103"
"maximum_90F","2026-01","all","PASSIVE_VENT_COOL_HUMID","1","0.13440860215053763"
"maximum_90F","all","night","PASSIVE_VENT_COOL_HUMID","10","0.32873109796186717"
"maximum_90F","2026-01","night","PASSIVE_VENT_COOL_HUMID","1","0.26881720430107525"
"maximum_90F","all","day","HEAT_MIN_VENT","41","1.3464696223316912"
"maximum_90F","2026-01","day","HEAT_MIN_VENT","1","0.26881720430107525"
"maximum_90F","all","all","HEAT_VENT_HUMID","73","1.1992771480203712"
"maximum_90F","2026-01","all","HEAT_VENT_HUMID","3","0.4032258064516129"
"maximum_90F","all","day","HEAT_VENT_HUMID","49","1.6091954022988506"
"maximum_90F","2026-01","day","HEAT_VENT_HUMID","3","0.8064516129032258"
"maximum_90F","all","all","NEUTRAL_MIN_VENT","1021","16.773451618202728"
"maximum_90F","2026-01","all","NEUTRAL_MIN_VENT","1","0.13440860215053763"
"maximum_90F","all","night","NEUTRAL_MIN_VENT","420","13.806706114398422"
"maximum_90F","2026-01","night","NEUTRAL_MIN_VENT","1","0.26881720430107525"
"maximum_90F","all","all","MISSING_DATA","23","0.3778544438968293"
"maximum_90F","2026-01","all","MISSING_DATA","4","0.5376344086021505"
"maximum_90F","all","night","MISSING_DATA","18","0.591715976331361"
"maximum_90F","2026-01","night","MISSING_DATA","4","1.075268817204301"
"maximum_90F","all","all","ACTIVE_HUMIDIFICATION_LIKELY","96","1.5771315919172006"
"maximum_90F","2026-01","all","ACTIVE_HUMIDIFICATION_LIKELY","1","0.13440860215053763"
"maximum_90F","all","night","ACTIVE_HUMIDIFICATION_LIKELY","50","1.643655489809336"
"maximum_90F","2026-01","night","ACTIVE_HUMIDIFICATION_LIKELY","1","0.26881720430107525"
"maximum_90F","2026-02","all","HEAT_MAJOR_VENT_DRY","549","81.69642857142857"
"maximum_90F","2026-02","night","HEAT_MAJOR_VENT_DRY","295","87.79761904761905"
"maximum_90F","2026-02","day","HEAT_MAJOR_VENT_DRY","254","75.5952380952381"
"maximum_90F","2026-02","all","MISSING_DATA","10","1.4880952380952381"
"maximum_90F","all","day","MISSING_DATA","5","0.16420361247947454"
"maximum_90F","2026-02","day","MISSING_DATA","3","0.8928571428571429"
"maximum_90F","2026-02","all","PASSIVE_VENT_COOL_DRY","78","11.607142857142858"
"maximum_90F","2026-02","day","PASSIVE_VENT_COOL_DRY","70","20.833333333333332"
"maximum_90F","2026-02","all","ACTIVE_HUMIDIFICATION_LIKELY","14","2.0833333333333335"
"maximum_90F","all","day","ACTIVE_HUMIDIFICATION_LIKELY","46","1.5106732348111658"
"maximum_90F","2026-02","day","ACTIVE_HUMIDIFICATION_LIKELY","5","1.4880952380952381"
"maximum_90F","2026-02","night","ACTIVE_HUMIDIFICATION_LIKELY","9","2.6785714285714284"
"maximum_90F","2026-02","all","NEUTRAL_MIN_VENT","4","0.5952380952380952"
"maximum_90F","2026-02","night","NEUTRAL_MIN_VENT","4","1.1904761904761905"
"maximum_90F","all","all","PASSIVE_HUMIDIFY_OPPORTUNITY","259","4.254969607359947"
"maximum_90F","2026-02","all","PASSIVE_HUMIDIFY_OPPORTUNITY","10","1.4880952380952381"
"maximum_90F","all","night","PASSIVE_HUMIDIFY_OPPORTUNITY","162","5.325443786982248"
"maximum_90F","2026-02","night","PASSIVE_HUMIDIFY_OPPORTUNITY","10","2.9761904761904763"
"maximum_90F","2026-02","night","PASSIVE_VENT_COOL_DRY","8","2.380952380952381"
"maximum_90F","2026-02","night","MISSING_DATA","7","2.0833333333333335"
"maximum_90F","2026-02","all","HEAT_MIN_VENT","7","1.0416666666666667"
"maximum_90F","2026-02","day","HEAT_MIN_VENT","4","1.1904761904761905"
"maximum_90F","2026-02","night","HEAT_MIN_VENT","3","0.8928571428571429"
"maximum_90F","2026-03","all","HEAT_MAJOR_VENT_DRY","418","56.258411843876175"
"maximum_90F","2026-03","night","HEAT_MAJOR_VENT_DRY","211","56.8733153638814"
"maximum_90F","2026-03","day","HEAT_MAJOR_VENT_DRY","207","55.645161290322584"
"maximum_90F","2026-03","all","HEAT_MIN_VENT","10","1.3458950201884252"
"maximum_90F","2026-03","day","HEAT_MIN_VENT","9","2.4193548387096775"
"maximum_90F","2026-03","all","PASSIVE_VENT_COOL_DRY","74","9.959623149394348"
"maximum_90F","2026-03","day","PASSIVE_VENT_COOL_DRY","65","17.473118279569892"
"maximum_90F","2026-03","all","PASSIVE_HUMIDIFY_OPPORTUNITY","99","13.32436069986541"
"maximum_90F","all","day","PASSIVE_HUMIDIFY_OPPORTUNITY","97","3.1855500821018063"
"maximum_90F","2026-03","day","PASSIVE_HUMIDIFY_OPPORTUNITY","37","9.946236559139784"
"maximum_90F","all","all","PAD_INEFFECTIVE_DEHU_NEEDED","1699","27.911943486117956"
"maximum_90F","2026-03","all","PAD_INEFFECTIVE_DEHU_NEEDED","48","6.460296096904441"
"maximum_90F","all","night","PAD_INEFFECTIVE_DEHU_NEEDED","1181","38.823142669296516"
"maximum_90F","2026-03","night","PAD_INEFFECTIVE_DEHU_NEEDED","40","10.78167115902965"
"maximum_90F","2026-03","all","PASSIVE_VENT_COOL_HUMID","20","2.6917900403768504"
"maximum_90F","all","day","PASSIVE_VENT_COOL_HUMID","398","13.070607553366173"
"maximum_90F","2026-03","day","PASSIVE_VENT_COOL_HUMID","20","5.376344086021505"
"maximum_90F","2026-03","all","NEUTRAL_MIN_VENT","35","4.710632570659489"
"maximum_90F","2026-03","night","NEUTRAL_MIN_VENT","28","7.547169811320755"
"maximum_90F","2026-03","night","PASSIVE_HUMIDIFY_OPPORTUNITY","62","16.711590296495956"
"maximum_90F","2026-03","night","HEAT_MIN_VENT","1","0.2695417789757412"
"maximum_90F","2026-03","all","ACTIVE_HUMIDIFICATION_LIKELY","28","3.768506056527591"
"maximum_90F","2026-03","night","ACTIVE_HUMIDIFICATION_LIKELY","13","3.504043126684636"
"maximum_90F","2026-03","night","PASSIVE_VENT_COOL_DRY","9","2.4258760107816713"
"maximum_90F","all","day","NEUTRAL_MIN_VENT","601","19.73727422003284"
"maximum_90F","2026-03","day","NEUTRAL_MIN_VENT","7","1.881720430107527"
"maximum_90F","2026-03","day","ACTIVE_HUMIDIFICATION_LIKELY","15","4.032258064516129"
"maximum_90F","all","all","PAD_EFFECTIVE","23","0.3778544438968293"
"maximum_90F","2026-03","all","PAD_EFFECTIVE","11","1.4804845222072678"
"maximum_90F","all","night","PAD_EFFECTIVE","19","0.6245890861275477"
"maximum_90F","2026-03","night","PAD_EFFECTIVE","7","1.8867924528301887"
"maximum_90F","all","day","PAD_INEFFECTIVE_DEHU_NEEDED","518","17.011494252873565"
"maximum_90F","2026-03","day","PAD_INEFFECTIVE_DEHU_NEEDED","8","2.150537634408602"
"maximum_90F","all","day","PAD_EFFECTIVE","4","0.13136288998357964"
"maximum_90F","2026-03","day","PAD_EFFECTIVE","4","1.075268817204301"
"maximum_90F","2026-04","all","PAD_INEFFECTIVE_DEHU_NEEDED","45","6.25"
"maximum_90F","2026-04","night","PAD_INEFFECTIVE_DEHU_NEEDED","45","12.5"
"maximum_90F","2026-04","all","PASSIVE_HUMIDIFY_OPPORTUNITY","43","5.972222222222222"
"maximum_90F","2026-04","night","PASSIVE_HUMIDIFY_OPPORTUNITY","24","6.666666666666667"
"maximum_90F","2026-04","all","PASSIVE_VENT_COOL_DRY","62","8.61111111111111"
"maximum_90F","2026-04","day","PASSIVE_VENT_COOL_DRY","54","15"
"maximum_90F","2026-04","day","PASSIVE_HUMIDIFY_OPPORTUNITY","19","5.277777777777778"
"maximum_90F","2026-04","all","PASSIVE_VENT_COOL_HUMID","107","14.86111111111111"
"maximum_90F","2026-04","day","PASSIVE_VENT_COOL_HUMID","105","29.166666666666668"
"maximum_90F","2026-04","all","NEUTRAL_MIN_VENT","129","17.916666666666668"
"maximum_90F","2026-04","day","NEUTRAL_MIN_VENT","35","9.722222222222221"
"maximum_90F","2026-04","night","NEUTRAL_MIN_VENT","94","26.11111111111111"
"maximum_90F","2026-04","all","HEAT_VENT_HUMID","36","5"
"maximum_90F","2026-04","day","HEAT_VENT_HUMID","21","5.833333333333333"
"maximum_90F","2026-04","all","PAD_EFFECTIVE","4","0.5555555555555556"
"maximum_90F","2026-04","night","PAD_EFFECTIVE","4","1.1111111111111112"
"maximum_90F","2026-04","all","MISSING_DATA","4","0.5555555555555556"
"maximum_90F","2026-04","night","MISSING_DATA","4","1.1111111111111112"
"maximum_90F","2026-04","all","HEAT_MAJOR_VENT_DRY","234","32.5"
"maximum_90F","2026-04","night","HEAT_MAJOR_VENT_DRY","122","33.888888888888886"
"maximum_90F","2026-04","day","HEAT_MAJOR_VENT_DRY","112","31.11111111111111"
"maximum_90F","2026-04","all","ACTIVE_HUMIDIFICATION_LIKELY","19","2.638888888888889"
"maximum_90F","2026-04","night","ACTIVE_HUMIDIFICATION_LIKELY","19","5.277777777777778"
"maximum_90F","2026-04","night","PASSIVE_VENT_COOL_DRY","8","2.2222222222222223"
"maximum_90F","2026-04","all","HEAT_MIN_VENT","37","5.138888888888889"
"maximum_90F","2026-04","day","HEAT_MIN_VENT","14","3.888888888888889"
"maximum_90F","2026-04","night","PASSIVE_VENT_COOL_HUMID","2","0.5555555555555556"
"maximum_90F","all","night","HEAT_VENT_HUMID","24","0.7889546351084813"
"maximum_90F","2026-04","night","HEAT_VENT_HUMID","15","4.166666666666667"
"maximum_90F","2026-04","night","HEAT_MIN_VENT","23","6.388888888888889"
"maximum_90F","2026-05","all","HEAT_MAJOR_VENT_DRY","175","23.521505376344088"
"maximum_90F","2026-05","night","HEAT_MAJOR_VENT_DRY","78","20.967741935483872"
"maximum_90F","2026-05","day","HEAT_MAJOR_VENT_DRY","97","26.0752688172043"
"maximum_90F","2026-05","all","PASSIVE_VENT_COOL_DRY","53","7.123655913978495"
"maximum_90F","2026-05","day","PASSIVE_VENT_COOL_DRY","45","12.096774193548388"
"maximum_90F","2026-05","all","ACTIVE_HUMIDIFICATION_LIKELY","32","4.301075268817204"
"maximum_90F","2026-05","night","ACTIVE_HUMIDIFICATION_LIKELY","8","2.150537634408602"
"maximum_90F","2026-05","night","PASSIVE_VENT_COOL_DRY","8","2.150537634408602"
"maximum_90F","2026-05","all","NEUTRAL_MIN_VENT","171","22.983870967741936"
"maximum_90F","2026-05","day","NEUTRAL_MIN_VENT","85","22.849462365591396"
"maximum_90F","2026-05","day","ACTIVE_HUMIDIFICATION_LIKELY","24","6.451612903225806"
"maximum_90F","2026-05","all","PAD_EFFECTIVE","8","1.075268817204301"
"maximum_90F","2026-05","night","PAD_EFFECTIVE","8","2.150537634408602"
"maximum_90F","2026-05","all","PASSIVE_HUMIDIFY_OPPORTUNITY","72","9.67741935483871"
"maximum_90F","2026-05","night","PASSIVE_HUMIDIFY_OPPORTUNITY","52","13.978494623655914"
"maximum_90F","2026-05","day","PASSIVE_HUMIDIFY_OPPORTUNITY","20","5.376344086021505"
"maximum_90F","2026-05","all","PAD_INEFFECTIVE_DEHU_NEEDED","96","12.903225806451612"
"maximum_90F","2026-05","night","PAD_INEFFECTIVE_DEHU_NEEDED","87","23.387096774193548"
"maximum_90F","2026-05","night","NEUTRAL_MIN_VENT","86","23.118279569892472"
"maximum_90F","2026-05","all","HEAT_MIN_VENT","39","5.241935483870968"
"maximum_90F","2026-05","day","HEAT_MIN_VENT","12","3.225806451612903"
"maximum_90F","2026-05","all","PASSIVE_VENT_COOL_HUMID","65","8.736559139784946"
"maximum_90F","2026-05","night","PASSIVE_VENT_COOL_HUMID","7","1.881720430107527"
"maximum_90F","2026-05","all","HEAT_VENT_HUMID","31","4.166666666666667"
"maximum_90F","2026-05","night","HEAT_VENT_HUMID","9","2.4193548387096775"
"maximum_90F","2026-05","night","HEAT_MIN_VENT","27","7.258064516129032"
"maximum_90F","2026-05","day","PASSIVE_VENT_COOL_HUMID","58","15.591397849462366"
"maximum_90F","2026-05","all","MISSING_DATA","2","0.26881720430107525"
"maximum_90F","2026-05","night","MISSING_DATA","2","0.5376344086021505"
"maximum_90F","2026-05","day","HEAT_VENT_HUMID","22","5.913978494623656"
"maximum_90F","2026-05","day","PAD_INEFFECTIVE_DEHU_NEEDED","9","2.4193548387096775"
"maximum_90F","2026-06","all","PAD_INEFFECTIVE_DEHU_NEEDED","277","38.47222222222222"
"maximum_90F","2026-06","night","PAD_INEFFECTIVE_DEHU_NEEDED","224","62.22222222222222"
"maximum_90F","2026-06","all","PASSIVE_VENT_COOL_HUMID","122","16.944444444444443"
"maximum_90F","2026-06","day","PASSIVE_VENT_COOL_HUMID","122","33.888888888888886"
"maximum_90F","2026-06","all","NEUTRAL_MIN_VENT","285","39.583333333333336"
"maximum_90F","2026-06","day","NEUTRAL_MIN_VENT","158","43.888888888888886"
"maximum_90F","2026-06","day","PAD_INEFFECTIVE_DEHU_NEEDED","53","14.722222222222221"
"maximum_90F","2026-06","night","NEUTRAL_MIN_VENT","127","35.27777777777778"
"maximum_90F","2026-06","all","PASSIVE_VENT_COOL_DRY","10","1.3888888888888888"
"maximum_90F","2026-06","day","PASSIVE_VENT_COOL_DRY","10","2.7777777777777777"
"maximum_90F","2026-06","all","PASSIVE_HUMIDIFY_OPPORTUNITY","21","2.9166666666666665"
"maximum_90F","2026-06","day","PASSIVE_HUMIDIFY_OPPORTUNITY","12","3.3333333333333335"
"maximum_90F","2026-06","night","PASSIVE_HUMIDIFY_OPPORTUNITY","9","2.5"
"maximum_90F","2026-06","all","HEAT_VENT_HUMID","3","0.4166666666666667"
"maximum_90F","2026-06","day","HEAT_VENT_HUMID","3","0.8333333333333334"
"maximum_90F","2026-06","all","ACTIVE_HUMIDIFICATION_LIKELY","2","0.2777777777777778"
"maximum_90F","2026-06","day","ACTIVE_HUMIDIFICATION_LIKELY","2","0.5555555555555556"
"maximum_90F","2026-07","all","PAD_INEFFECTIVE_DEHU_NEEDED","497","66.8010752688172"
"maximum_90F","2026-07","night","PAD_INEFFECTIVE_DEHU_NEEDED","335","90.05376344086021"
"maximum_90F","2026-07","all","PASSIVE_VENT_COOL_HUMID","34","4.56989247311828"
"maximum_90F","2026-07","day","PASSIVE_VENT_COOL_HUMID","34","9.13978494623656"
"maximum_90F","2026-07","all","NEUTRAL_MIN_VENT","211","28.36021505376344"
"maximum_90F","2026-07","day","NEUTRAL_MIN_VENT","174","46.774193548387096"
"maximum_90F","2026-07","day","PAD_INEFFECTIVE_DEHU_NEEDED","162","43.54838709677419"
"maximum_90F","2026-07","night","NEUTRAL_MIN_VENT","37","9.946236559139784"
"maximum_90F","2026-07","all","MISSING_DATA","2","0.26881720430107525"
"maximum_90F","2026-07","day","MISSING_DATA","2","0.5376344086021505"
"maximum_90F","2026-08","all","PAD_INEFFECTIVE_DEHU_NEEDED","541","72.71505376344086"
"maximum_90F","2026-08","night","PAD_INEFFECTIVE_DEHU_NEEDED","331","88.97849462365592"
"maximum_90F","2026-08","all","NEUTRAL_MIN_VENT","142","19.086021505376344"
"maximum_90F","2026-08","night","NEUTRAL_MIN_VENT","36","9.67741935483871"
"maximum_90F","2026-08","all","PASSIVE_VENT_COOL_DRY","4","0.5376344086021505"
"maximum_90F","2026-08","day","PASSIVE_VENT_COOL_DRY","4","1.075268817204301"
"maximum_90F","2026-08","all","PASSIVE_HUMIDIFY_OPPORTUNITY","14","1.881720430107527"
"maximum_90F","2026-08","day","PASSIVE_HUMIDIFY_OPPORTUNITY","9","2.4193548387096775"
"maximum_90F","2026-08","day","PAD_INEFFECTIVE_DEHU_NEEDED","210","56.45161290322581"
"maximum_90F","2026-08","all","PASSIVE_VENT_COOL_HUMID","42","5.645161290322581"
"maximum_90F","2026-08","day","PASSIVE_VENT_COOL_HUMID","42","11.290322580645162"
"maximum_90F","2026-08","day","NEUTRAL_MIN_VENT","106","28.49462365591398"
"maximum_90F","2026-08","night","PASSIVE_HUMIDIFY_OPPORTUNITY","5","1.3440860215053763"
"maximum_90F","2026-08","all","HEAT_MIN_VENT","1","0.13440860215053763"
"maximum_90F","2026-08","day","HEAT_MIN_VENT","1","0.26881720430107525"
"maximum_90F","2026-09","all","PAD_INEFFECTIVE_DEHU_NEEDED","195","76.171875"
"maximum_90F","2026-09","night","PAD_INEFFECTIVE_DEHU_NEEDED","119","93.7007874015748"
"maximum_90F","2026-09","all","NEUTRAL_MIN_VENT","43","16.796875"
"maximum_90F","2026-09","day","NEUTRAL_MIN_VENT","36","27.906976744186046"
"maximum_90F","2026-09","day","PAD_INEFFECTIVE_DEHU_NEEDED","76","58.91472868217054"
"maximum_90F","2026-09","all","PASSIVE_VENT_COOL_HUMID","17","6.640625"
"maximum_90F","2026-09","day","PASSIVE_VENT_COOL_HUMID","17","13.178294573643411"
"maximum_90F","2026-09","all","MISSING_DATA","1","0.390625"
"maximum_90F","2026-09","night","MISSING_DATA","1","0.7874015748031497"
"maximum_90F","2026-09","night","NEUTRAL_MIN_VENT","7","5.511811023622047"
"margin_3F","all","all","HEAT_MAJOR_VENT_DRY","2086","34.26975521603417"
"margin_3F","2026-01","all","HEAT_MAJOR_VENT_DRY","710","95.43010752688173"
"margin_3F","all","night","HEAT_MAJOR_VENT_DRY","1068","35.108481262327416"
"margin_3F","2026-01","night","HEAT_MAJOR_VENT_DRY","362","97.31182795698925"
"margin_3F","all","day","HEAT_MAJOR_VENT_DRY","1018","33.431855500821015"
"margin_3F","2026-01","day","HEAT_MAJOR_VENT_DRY","348","93.54838709677419"
"margin_3F","all","all","PASSIVE_VENT_COOL_DRY","302","4.961393132906194"
"margin_3F","2026-01","all","PASSIVE_VENT_COOL_DRY","21","2.8225806451612905"
"margin_3F","all","day","PASSIVE_VENT_COOL_DRY","268","8.801313628899836"
"margin_3F","2026-01","day","PASSIVE_VENT_COOL_DRY","20","5.376344086021505"
"margin_3F","all","night","PASSIVE_VENT_COOL_DRY","34","1.1176857330703485"
"margin_3F","2026-01","night","PASSIVE_VENT_COOL_DRY","1","0.26881720430107525"
"margin_3F","all","all","HEAT_MIN_VENT","97","1.5935600459996715"
"margin_3F","2026-01","all","HEAT_MIN_VENT","3","0.4032258064516129"
"margin_3F","all","night","HEAT_MIN_VENT","56","1.8408941485864563"
"margin_3F","2026-01","night","HEAT_MIN_VENT","2","0.5376344086021505"
"margin_3F","all","all","PASSIVE_VENT_COOL_HUMID","408","6.702809265648103"
"margin_3F","2026-01","all","PASSIVE_VENT_COOL_HUMID","1","0.13440860215053763"
"margin_3F","all","night","PASSIVE_VENT_COOL_HUMID","10","0.32873109796186717"
"margin_3F","2026-01","night","PASSIVE_VENT_COOL_HUMID","1","0.26881720430107525"
"margin_3F","all","day","HEAT_MIN_VENT","41","1.3464696223316912"
"margin_3F","2026-01","day","HEAT_MIN_VENT","1","0.26881720430107525"
"margin_3F","all","all","HEAT_VENT_HUMID","73","1.1992771480203712"
"margin_3F","2026-01","all","HEAT_VENT_HUMID","3","0.4032258064516129"
"margin_3F","all","day","HEAT_VENT_HUMID","49","1.6091954022988506"
"margin_3F","2026-01","day","HEAT_VENT_HUMID","3","0.8064516129032258"
"margin_3F","all","all","NEUTRAL_MIN_VENT","477","7.83637259733859"
"margin_3F","2026-01","all","NEUTRAL_MIN_VENT","1","0.13440860215053763"
"margin_3F","all","night","NEUTRAL_MIN_VENT","133","4.372123602892834"
"margin_3F","2026-01","night","NEUTRAL_MIN_VENT","1","0.26881720430107525"
"margin_3F","all","all","MISSING_DATA","23","0.3778544438968293"
"margin_3F","2026-01","all","MISSING_DATA","4","0.5376344086021505"
"margin_3F","all","night","MISSING_DATA","18","0.591715976331361"
"margin_3F","2026-01","night","MISSING_DATA","4","1.075268817204301"
"margin_3F","all","all","ACTIVE_HUMIDIFICATION_LIKELY","80","1.3142763265976671"
"margin_3F","2026-01","all","ACTIVE_HUMIDIFICATION_LIKELY","1","0.13440860215053763"
"margin_3F","all","night","ACTIVE_HUMIDIFICATION_LIKELY","42","1.3806706114398422"
"margin_3F","2026-01","night","ACTIVE_HUMIDIFICATION_LIKELY","1","0.26881720430107525"
"margin_3F","2026-02","all","HEAT_MAJOR_VENT_DRY","549","81.69642857142857"
"margin_3F","2026-02","night","HEAT_MAJOR_VENT_DRY","295","87.79761904761905"
"margin_3F","2026-02","day","HEAT_MAJOR_VENT_DRY","254","75.5952380952381"
"margin_3F","2026-02","all","MISSING_DATA","10","1.4880952380952381"
"margin_3F","all","day","MISSING_DATA","5","0.16420361247947454"
"margin_3F","2026-02","day","MISSING_DATA","3","0.8928571428571429"
"margin_3F","2026-02","all","PASSIVE_VENT_COOL_DRY","78","11.607142857142858"
"margin_3F","2026-02","day","PASSIVE_VENT_COOL_DRY","70","20.833333333333332"
"margin_3F","2026-02","all","ACTIVE_HUMIDIFICATION_LIKELY","13","1.9345238095238095"
"margin_3F","all","day","ACTIVE_HUMIDIFICATION_LIKELY","38","1.2479474548440066"
"margin_3F","2026-02","day","ACTIVE_HUMIDIFICATION_LIKELY","5","1.4880952380952381"
"margin_3F","2026-02","night","ACTIVE_HUMIDIFICATION_LIKELY","8","2.380952380952381"
"margin_3F","2026-02","all","NEUTRAL_MIN_VENT","3","0.44642857142857145"
"margin_3F","2026-02","night","NEUTRAL_MIN_VENT","3","0.8928571428571429"
"margin_3F","all","all","PASSIVE_HUMIDIFY_OPPORTUNITY","172","2.8256941021849844"
"margin_3F","2026-02","all","PASSIVE_HUMIDIFY_OPPORTUNITY","9","1.3392857142857142"
"margin_3F","all","night","PASSIVE_HUMIDIFY_OPPORTUNITY","95","3.1229454306377384"
"margin_3F","2026-02","night","PASSIVE_HUMIDIFY_OPPORTUNITY","9","2.6785714285714284"
"margin_3F","2026-02","night","PASSIVE_VENT_COOL_DRY","8","2.380952380952381"
"margin_3F","2026-02","night","MISSING_DATA","7","2.0833333333333335"
"margin_3F","2026-02","all","HEAT_MIN_VENT","7","1.0416666666666667"
"margin_3F","2026-02","day","HEAT_MIN_VENT","4","1.1904761904761905"
"margin_3F","2026-02","night","HEAT_MIN_VENT","3","0.8928571428571429"
"margin_3F","all","all","PAD_INEFFECTIVE_DEHU_NEEDED","2300","37.78544438968293"
"margin_3F","2026-02","all","PAD_INEFFECTIVE_DEHU_NEEDED","1","0.1488095238095238"
"margin_3F","all","night","PAD_INEFFECTIVE_DEHU_NEEDED","1505","49.47403024326101"
"margin_3F","2026-02","night","PAD_INEFFECTIVE_DEHU_NEEDED","1","0.2976190476190476"
"margin_3F","all","all","PAD_EFFECTIVE","69","1.1335633316904878"
"margin_3F","2026-02","all","PAD_EFFECTIVE","2","0.2976190476190476"
"margin_3F","all","night","PAD_EFFECTIVE","57","1.873767258382643"
"margin_3F","2026-02","night","PAD_EFFECTIVE","2","0.5952380952380952"
"margin_3F","2026-03","all","HEAT_MAJOR_VENT_DRY","418","56.258411843876175"
"margin_3F","2026-03","night","HEAT_MAJOR_VENT_DRY","211","56.8733153638814"
"margin_3F","2026-03","day","HEAT_MAJOR_VENT_DRY","207","55.645161290322584"
"margin_3F","2026-03","all","HEAT_MIN_VENT","10","1.3458950201884252"
"margin_3F","2026-03","day","HEAT_MIN_VENT","9","2.4193548387096775"
"margin_3F","2026-03","all","PASSIVE_VENT_COOL_DRY","74","9.959623149394348"
"margin_3F","2026-03","day","PASSIVE_VENT_COOL_DRY","65","17.473118279569892"
"margin_3F","2026-03","all","PASSIVE_HUMIDIFY_OPPORTUNITY","61","8.209959623149395"
"margin_3F","all","day","PASSIVE_HUMIDIFY_OPPORTUNITY","77","2.528735632183908"
"margin_3F","2026-03","day","PASSIVE_HUMIDIFY_OPPORTUNITY","27","7.258064516129032"
"margin_3F","2026-03","all","PAD_INEFFECTIVE_DEHU_NEEDED","94","12.651413189771198"
"margin_3F","2026-03","night","PAD_INEFFECTIVE_DEHU_NEEDED","75","20.21563342318059"
"margin_3F","2026-03","all","PASSIVE_VENT_COOL_HUMID","20","2.6917900403768504"
"margin_3F","all","day","PASSIVE_VENT_COOL_HUMID","398","13.070607553366173"
"margin_3F","2026-03","day","PASSIVE_VENT_COOL_HUMID","20","5.376344086021505"
"margin_3F","2026-03","all","NEUTRAL_MIN_VENT","13","1.749663526244953"
"margin_3F","2026-03","night","NEUTRAL_MIN_VENT","7","1.8867924528301887"
"margin_3F","2026-03","night","PASSIVE_HUMIDIFY_OPPORTUNITY","34","9.164420485175203"
"margin_3F","2026-03","night","HEAT_MIN_VENT","1","0.2695417789757412"
"margin_3F","2026-03","all","PAD_EFFECTIVE","33","4.441453566621804"
"margin_3F","2026-03","night","PAD_EFFECTIVE","23","6.199460916442049"
"margin_3F","2026-03","all","ACTIVE_HUMIDIFICATION_LIKELY","20","2.6917900403768504"
"margin_3F","2026-03","night","ACTIVE_HUMIDIFICATION_LIKELY","11","2.964959568733154"
"margin_3F","2026-03","night","PASSIVE_VENT_COOL_DRY","9","2.4258760107816713"
"margin_3F","all","day","NEUTRAL_MIN_VENT","344","11.29720853858785"
"margin_3F","2026-03","day","NEUTRAL_MIN_VENT","6","1.6129032258064515"
"margin_3F","2026-03","day","ACTIVE_HUMIDIFICATION_LIKELY","9","2.4193548387096775"
"margin_3F","all","day","PAD_EFFECTIVE","12","0.39408866995073893"
"margin_3F","2026-03","day","PAD_EFFECTIVE","10","2.6881720430107525"
"margin_3F","all","day","PAD_INEFFECTIVE_DEHU_NEEDED","795","26.108374384236452"
"margin_3F","2026-03","day","PAD_INEFFECTIVE_DEHU_NEEDED","19","5.10752688172043"
"margin_3F","2026-04","all","PAD_INEFFECTIVE_DEHU_NEEDED","119","16.52777777777778"
"margin_3F","2026-04","night","PAD_INEFFECTIVE_DEHU_NEEDED","112","31.11111111111111"
"margin_3F","2026-04","all","PASSIVE_VENT_COOL_DRY","62","8.61111111111111"
"margin_3F","2026-04","day","PASSIVE_VENT_COOL_DRY","54","15"
"margin_3F","2026-04","all","PASSIVE_HUMIDIFY_OPPORTUNITY","27","3.75"
"margin_3F","2026-04","day","PASSIVE_HUMIDIFY_OPPORTUNITY","15","4.166666666666667"
"margin_3F","2026-04","all","PASSIVE_VENT_COOL_HUMID","107","14.86111111111111"
"margin_3F","2026-04","day","PASSIVE_VENT_COOL_HUMID","105","29.166666666666668"
"margin_3F","2026-04","all","NEUTRAL_MIN_VENT","68","9.444444444444445"
"margin_3F","2026-04","day","NEUTRAL_MIN_VENT","32","8.88888888888889"
"margin_3F","2026-04","night","NEUTRAL_MIN_VENT","36","10"
"margin_3F","2026-04","all","HEAT_VENT_HUMID","36","5"
"margin_3F","2026-04","day","HEAT_VENT_HUMID","21","5.833333333333333"
"margin_3F","2026-04","day","PAD_INEFFECTIVE_DEHU_NEEDED","7","1.9444444444444444"
"margin_3F","2026-04","all","PAD_EFFECTIVE","11","1.5277777777777777"
"margin_3F","2026-04","night","PAD_EFFECTIVE","11","3.0555555555555554"
"margin_3F","2026-04","all","MISSING_DATA","4","0.5555555555555556"
"margin_3F","2026-04","night","MISSING_DATA","4","1.1111111111111112"
"margin_3F","2026-04","all","HEAT_MAJOR_VENT_DRY","234","32.5"
"margin_3F","2026-04","night","HEAT_MAJOR_VENT_DRY","122","33.888888888888886"
"margin_3F","2026-04","day","HEAT_MAJOR_VENT_DRY","112","31.11111111111111"
"margin_3F","2026-04","all","ACTIVE_HUMIDIFICATION_LIKELY","15","2.0833333333333335"
"margin_3F","2026-04","night","ACTIVE_HUMIDIFICATION_LIKELY","15","4.166666666666667"
"margin_3F","2026-04","night","PASSIVE_VENT_COOL_DRY","8","2.2222222222222223"
"margin_3F","2026-04","night","PASSIVE_HUMIDIFY_OPPORTUNITY","12","3.3333333333333335"
"margin_3F","2026-04","all","HEAT_MIN_VENT","37","5.138888888888889"
"margin_3F","2026-04","day","HEAT_MIN_VENT","14","3.888888888888889"
"margin_3F","2026-04","night","PASSIVE_VENT_COOL_HUMID","2","0.5555555555555556"
"margin_3F","all","night","HEAT_VENT_HUMID","24","0.7889546351084813"
"margin_3F","2026-04","night","HEAT_VENT_HUMID","15","4.166666666666667"
"margin_3F","2026-04","night","HEAT_MIN_VENT","23","6.388888888888889"
"margin_3F","2026-05","all","HEAT_MAJOR_VENT_DRY","175","23.521505376344088"
"margin_3F","2026-05","night","HEAT_MAJOR_VENT_DRY","78","20.967741935483872"
"margin_3F","2026-05","day","HEAT_MAJOR_VENT_DRY","97","26.0752688172043"
"margin_3F","2026-05","all","PASSIVE_VENT_COOL_DRY","53","7.123655913978495"
"margin_3F","2026-05","day","PASSIVE_VENT_COOL_DRY","45","12.096774193548388"
"margin_3F","2026-05","all","ACTIVE_HUMIDIFICATION_LIKELY","29","3.8978494623655915"
"margin_3F","2026-05","night","ACTIVE_HUMIDIFICATION_LIKELY","7","1.881720430107527"
"margin_3F","2026-05","night","PASSIVE_VENT_COOL_DRY","8","2.150537634408602"
"margin_3F","2026-05","all","NEUTRAL_MIN_VENT","102","13.709677419354838"
"margin_3F","2026-05","day","NEUTRAL_MIN_VENT","58","15.591397849462366"
"margin_3F","2026-05","day","ACTIVE_HUMIDIFICATION_LIKELY","22","5.913978494623656"
"margin_3F","2026-05","all","PAD_EFFECTIVE","23","3.0913978494623655"
"margin_3F","2026-05","day","PAD_EFFECTIVE","2","0.5376344086021505"
"margin_3F","2026-05","night","PAD_EFFECTIVE","21","5.645161290322581"
"margin_3F","2026-05","all","PASSIVE_HUMIDIFY_OPPORTUNITY","46","6.182795698924731"
"margin_3F","2026-05","night","PASSIVE_HUMIDIFY_OPPORTUNITY","29","7.795698924731183"
"margin_3F","2026-05","day","PASSIVE_HUMIDIFY_OPPORTUNITY","17","4.56989247311828"
"margin_3F","2026-05","all","PAD_INEFFECTIVE_DEHU_NEEDED","179","24.059139784946236"
"margin_3F","2026-05","night","PAD_INEFFECTIVE_DEHU_NEEDED","140","37.634408602150536"
"margin_3F","2026-05","night","NEUTRAL_MIN_VENT","44","11.827956989247312"
"margin_3F","2026-05","all","HEAT_MIN_VENT","39","5.241935483870968"
"margin_3F","2026-05","day","HEAT_MIN_VENT","12","3.225806451612903"
"margin_3F","2026-05","all","PASSIVE_VENT_COOL_HUMID","65","8.736559139784946"
"margin_3F","2026-05","night","PASSIVE_VENT_COOL_HUMID","7","1.881720430107527"
"margin_3F","2026-05","all","HEAT_VENT_HUMID","31","4.166666666666667"
"margin_3F","2026-05","night","HEAT_VENT_HUMID","9","2.4193548387096775"
"margin_3F","2026-05","night","HEAT_MIN_VENT","27","7.258064516129032"
"margin_3F","2026-05","day","PASSIVE_VENT_COOL_HUMID","58","15.591397849462366"
"margin_3F","2026-05","day","PAD_INEFFECTIVE_DEHU_NEEDED","39","10.483870967741936"
"margin_3F","2026-05","all","MISSING_DATA","2","0.26881720430107525"
"margin_3F","2026-05","night","MISSING_DATA","2","0.5376344086021505"
"margin_3F","2026-05","day","HEAT_VENT_HUMID","22","5.913978494623656"
"margin_3F","2026-06","all","PAD_INEFFECTIVE_DEHU_NEEDED","439","60.97222222222222"
"margin_3F","2026-06","night","PAD_INEFFECTIVE_DEHU_NEEDED","318","88.33333333333333"
"margin_3F","2026-06","all","PASSIVE_VENT_COOL_HUMID","122","16.944444444444443"
"margin_3F","2026-06","day","PASSIVE_VENT_COOL_HUMID","122","33.888888888888886"
"margin_3F","2026-06","all","NEUTRAL_MIN_VENT","125","17.36111111111111"
"margin_3F","2026-06","day","NEUTRAL_MIN_VENT","90","25"
"margin_3F","2026-06","day","PAD_INEFFECTIVE_DEHU_NEEDED","121","33.611111111111114"
"margin_3F","2026-06","night","NEUTRAL_MIN_VENT","35","9.722222222222221"
"margin_3F","2026-06","all","PASSIVE_VENT_COOL_DRY","10","1.3888888888888888"
"margin_3F","2026-06","day","PASSIVE_VENT_COOL_DRY","10","2.7777777777777777"
"margin_3F","2026-06","all","PASSIVE_HUMIDIFY_OPPORTUNITY","19","2.638888888888889"
"margin_3F","2026-06","day","PASSIVE_HUMIDIFY_OPPORTUNITY","12","3.3333333333333335"
"margin_3F","2026-06","all","HEAT_VENT_HUMID","3","0.4166666666666667"
"margin_3F","2026-06","day","HEAT_VENT_HUMID","3","0.8333333333333334"
"margin_3F","2026-06","all","ACTIVE_HUMIDIFICATION_LIKELY","2","0.2777777777777778"
"margin_3F","2026-06","day","ACTIVE_HUMIDIFICATION_LIKELY","2","0.5555555555555556"
"margin_3F","2026-06","night","PASSIVE_HUMIDIFY_OPPORTUNITY","7","1.9444444444444444"
"margin_3F","2026-07","all","PAD_INEFFECTIVE_DEHU_NEEDED","621","83.46774193548387"
"margin_3F","2026-07","night","PAD_INEFFECTIVE_DEHU_NEEDED","370","99.46236559139786"
"margin_3F","2026-07","all","PASSIVE_VENT_COOL_HUMID","34","4.56989247311828"
"margin_3F","2026-07","day","PASSIVE_VENT_COOL_HUMID","34","9.13978494623656"
"margin_3F","2026-07","all","NEUTRAL_MIN_VENT","87","11.693548387096774"
"margin_3F","2026-07","day","NEUTRAL_MIN_VENT","85","22.849462365591396"
"margin_3F","2026-07","day","PAD_INEFFECTIVE_DEHU_NEEDED","251","67.47311827956989"
"margin_3F","2026-07","night","NEUTRAL_MIN_VENT","2","0.5376344086021505"
"margin_3F","2026-07","all","MISSING_DATA","2","0.26881720430107525"
"margin_3F","2026-07","day","MISSING_DATA","2","0.5376344086021505"
"margin_3F","2026-08","all","PAD_INEFFECTIVE_DEHU_NEEDED","633","85.08064516129032"
"margin_3F","2026-08","night","PAD_INEFFECTIVE_DEHU_NEEDED","365","98.11827956989248"
"margin_3F","2026-08","all","PASSIVE_VENT_COOL_DRY","4","0.5376344086021505"
"margin_3F","2026-08","day","PASSIVE_VENT_COOL_DRY","4","1.075268817204301"
"margin_3F","2026-08","all","PASSIVE_HUMIDIFY_OPPORTUNITY","10","1.3440860215053763"
"margin_3F","2026-08","day","PASSIVE_HUMIDIFY_OPPORTUNITY","6","1.6129032258064515"
"margin_3F","2026-08","day","PAD_INEFFECTIVE_DEHU_NEEDED","268","72.04301075268818"
"margin_3F","2026-08","all","NEUTRAL_MIN_VENT","54","7.258064516129032"
"margin_3F","2026-08","night","NEUTRAL_MIN_VENT","3","0.8064516129032258"
"margin_3F","2026-08","all","PASSIVE_VENT_COOL_HUMID","42","5.645161290322581"
"margin_3F","2026-08","day","PASSIVE_VENT_COOL_HUMID","42","11.290322580645162"
"margin_3F","2026-08","day","NEUTRAL_MIN_VENT","51","13.709677419354838"
"margin_3F","2026-08","night","PASSIVE_HUMIDIFY_OPPORTUNITY","4","1.075268817204301"
"margin_3F","2026-08","all","HEAT_MIN_VENT","1","0.13440860215053763"
"margin_3F","2026-08","day","HEAT_MIN_VENT","1","0.26881720430107525"
"margin_3F","2026-09","all","PAD_INEFFECTIVE_DEHU_NEEDED","214","83.59375"
"margin_3F","2026-09","night","PAD_INEFFECTIVE_DEHU_NEEDED","124","97.63779527559055"
"margin_3F","2026-09","all","NEUTRAL_MIN_VENT","24","9.375"
"margin_3F","2026-09","day","NEUTRAL_MIN_VENT","22","17.05426356589147"
"margin_3F","2026-09","day","PAD_INEFFECTIVE_DEHU_NEEDED","90","69.76744186046511"
"margin_3F","2026-09","all","PASSIVE_VENT_COOL_HUMID","17","6.640625"
"margin_3F","2026-09","day","PASSIVE_VENT_COOL_HUMID","17","13.178294573643411"
"margin_3F","2026-09","all","MISSING_DATA","1","0.390625"
"margin_3F","2026-09","night","MISSING_DATA","1","0.7874015748031497"
"margin_3F","2026-09","night","NEUTRAL_MIN_VENT","2","1.5748031496062993"
"margin_5F","all","all","HEAT_MAJOR_VENT_DRY","2086","34.26975521603417"
"margin_5F","2026-01","all","HEAT_MAJOR_VENT_DRY","710","95.43010752688173"
"margin_5F","all","night","HEAT_MAJOR_VENT_DRY","1068","35.108481262327416"
"margin_5F","2026-01","night","HEAT_MAJOR_VENT_DRY","362","97.31182795698925"
"margin_5F","all","day","HEAT_MAJOR_VENT_DRY","1018","33.431855500821015"
"margin_5F","2026-01","day","HEAT_MAJOR_VENT_DRY","348","93.54838709677419"
"margin_5F","all","all","PASSIVE_VENT_COOL_DRY","302","4.961393132906194"
"margin_5F","2026-01","all","PASSIVE_VENT_COOL_DRY","21","2.8225806451612905"
"margin_5F","all","day","PASSIVE_VENT_COOL_DRY","268","8.801313628899836"
"margin_5F","2026-01","day","PASSIVE_VENT_COOL_DRY","20","5.376344086021505"
"margin_5F","all","night","PASSIVE_VENT_COOL_DRY","34","1.1176857330703485"
"margin_5F","2026-01","night","PASSIVE_VENT_COOL_DRY","1","0.26881720430107525"
"margin_5F","all","all","HEAT_MIN_VENT","97","1.5935600459996715"
"margin_5F","2026-01","all","HEAT_MIN_VENT","3","0.4032258064516129"
"margin_5F","all","night","HEAT_MIN_VENT","56","1.8408941485864563"
"margin_5F","2026-01","night","HEAT_MIN_VENT","2","0.5376344086021505"
"margin_5F","all","all","PASSIVE_VENT_COOL_HUMID","408","6.702809265648103"
"margin_5F","2026-01","all","PASSIVE_VENT_COOL_HUMID","1","0.13440860215053763"
"margin_5F","all","night","PASSIVE_VENT_COOL_HUMID","10","0.32873109796186717"
"margin_5F","2026-01","night","PASSIVE_VENT_COOL_HUMID","1","0.26881720430107525"
"margin_5F","all","day","HEAT_MIN_VENT","41","1.3464696223316912"
"margin_5F","2026-01","day","HEAT_MIN_VENT","1","0.26881720430107525"
"margin_5F","all","all","HEAT_VENT_HUMID","73","1.1992771480203712"
"margin_5F","2026-01","all","HEAT_VENT_HUMID","3","0.4032258064516129"
"margin_5F","all","day","HEAT_VENT_HUMID","49","1.6091954022988506"
"margin_5F","2026-01","day","HEAT_VENT_HUMID","3","0.8064516129032258"
"margin_5F","all","all","NEUTRAL_MIN_VENT","477","7.83637259733859"
"margin_5F","2026-01","all","NEUTRAL_MIN_VENT","1","0.13440860215053763"
"margin_5F","all","night","NEUTRAL_MIN_VENT","133","4.372123602892834"
"margin_5F","2026-01","night","NEUTRAL_MIN_VENT","1","0.26881720430107525"
"margin_5F","all","all","MISSING_DATA","23","0.3778544438968293"
"margin_5F","2026-01","all","MISSING_DATA","4","0.5376344086021505"
"margin_5F","all","night","MISSING_DATA","18","0.591715976331361"
"margin_5F","2026-01","night","MISSING_DATA","4","1.075268817204301"
"margin_5F","all","all","ACTIVE_HUMIDIFICATION_LIKELY","80","1.3142763265976671"
"margin_5F","2026-01","all","ACTIVE_HUMIDIFICATION_LIKELY","1","0.13440860215053763"
"margin_5F","all","night","ACTIVE_HUMIDIFICATION_LIKELY","42","1.3806706114398422"
"margin_5F","2026-01","night","ACTIVE_HUMIDIFICATION_LIKELY","1","0.26881720430107525"
"margin_5F","2026-02","all","HEAT_MAJOR_VENT_DRY","549","81.69642857142857"
"margin_5F","2026-02","night","HEAT_MAJOR_VENT_DRY","295","87.79761904761905"
"margin_5F","2026-02","day","HEAT_MAJOR_VENT_DRY","254","75.5952380952381"
"margin_5F","2026-02","all","MISSING_DATA","10","1.4880952380952381"
"margin_5F","all","day","MISSING_DATA","5","0.16420361247947454"
"margin_5F","2026-02","day","MISSING_DATA","3","0.8928571428571429"
"margin_5F","2026-02","all","PASSIVE_VENT_COOL_DRY","78","11.607142857142858"
"margin_5F","2026-02","day","PASSIVE_VENT_COOL_DRY","70","20.833333333333332"
"margin_5F","2026-02","all","ACTIVE_HUMIDIFICATION_LIKELY","13","1.9345238095238095"
"margin_5F","all","day","ACTIVE_HUMIDIFICATION_LIKELY","38","1.2479474548440066"
"margin_5F","2026-02","day","ACTIVE_HUMIDIFICATION_LIKELY","5","1.4880952380952381"
"margin_5F","2026-02","night","ACTIVE_HUMIDIFICATION_LIKELY","8","2.380952380952381"
"margin_5F","2026-02","all","NEUTRAL_MIN_VENT","3","0.44642857142857145"
"margin_5F","2026-02","night","NEUTRAL_MIN_VENT","3","0.8928571428571429"
"margin_5F","all","all","PASSIVE_HUMIDIFY_OPPORTUNITY","172","2.8256941021849844"
"margin_5F","2026-02","all","PASSIVE_HUMIDIFY_OPPORTUNITY","9","1.3392857142857142"
"margin_5F","all","night","PASSIVE_HUMIDIFY_OPPORTUNITY","95","3.1229454306377384"
"margin_5F","2026-02","night","PASSIVE_HUMIDIFY_OPPORTUNITY","9","2.6785714285714284"
"margin_5F","2026-02","night","PASSIVE_VENT_COOL_DRY","8","2.380952380952381"
"margin_5F","2026-02","night","MISSING_DATA","7","2.0833333333333335"
"margin_5F","2026-02","all","HEAT_MIN_VENT","7","1.0416666666666667"
"margin_5F","2026-02","day","HEAT_MIN_VENT","4","1.1904761904761905"
"margin_5F","2026-02","night","HEAT_MIN_VENT","3","0.8928571428571429"
"margin_5F","all","all","PAD_INEFFECTIVE_DEHU_NEEDED","2300","37.78544438968293"
"margin_5F","2026-02","all","PAD_INEFFECTIVE_DEHU_NEEDED","1","0.1488095238095238"
"margin_5F","all","night","PAD_INEFFECTIVE_DEHU_NEEDED","1505","49.47403024326101"
"margin_5F","2026-02","night","PAD_INEFFECTIVE_DEHU_NEEDED","1","0.2976190476190476"
"margin_5F","all","all","PAD_EFFECTIVE","67","1.1007064235255462"
"margin_5F","2026-02","all","PAD_EFFECTIVE","2","0.2976190476190476"
"margin_5F","all","night","PAD_EFFECTIVE","55","1.8080210387902695"
"margin_5F","2026-02","night","PAD_EFFECTIVE","2","0.5952380952380952"
"margin_5F","2026-03","all","HEAT_MAJOR_VENT_DRY","418","56.258411843876175"
"margin_5F","2026-03","night","HEAT_MAJOR_VENT_DRY","211","56.8733153638814"
"margin_5F","2026-03","day","HEAT_MAJOR_VENT_DRY","207","55.645161290322584"
"margin_5F","2026-03","all","HEAT_MIN_VENT","10","1.3458950201884252"
"margin_5F","2026-03","day","HEAT_MIN_VENT","9","2.4193548387096775"
"margin_5F","2026-03","all","PASSIVE_VENT_COOL_DRY","74","9.959623149394348"
"margin_5F","2026-03","day","PASSIVE_VENT_COOL_DRY","65","17.473118279569892"
"margin_5F","2026-03","all","PASSIVE_HUMIDIFY_OPPORTUNITY","61","8.209959623149395"
"margin_5F","all","day","PASSIVE_HUMIDIFY_OPPORTUNITY","77","2.528735632183908"
"margin_5F","2026-03","day","PASSIVE_HUMIDIFY_OPPORTUNITY","27","7.258064516129032"
"margin_5F","2026-03","all","PAD_INEFFECTIVE_DEHU_NEEDED","94","12.651413189771198"
"margin_5F","2026-03","night","PAD_INEFFECTIVE_DEHU_NEEDED","75","20.21563342318059"
"margin_5F","2026-03","all","PASSIVE_VENT_COOL_HUMID","20","2.6917900403768504"
"margin_5F","all","day","PASSIVE_VENT_COOL_HUMID","398","13.070607553366173"
"margin_5F","2026-03","day","PASSIVE_VENT_COOL_HUMID","20","5.376344086021505"
"margin_5F","2026-03","all","NEUTRAL_MIN_VENT","13","1.749663526244953"
"margin_5F","2026-03","night","NEUTRAL_MIN_VENT","7","1.8867924528301887"
"margin_5F","2026-03","night","PASSIVE_HUMIDIFY_OPPORTUNITY","34","9.164420485175203"
"margin_5F","2026-03","night","HEAT_MIN_VENT","1","0.2695417789757412"
"margin_5F","2026-03","all","PAD_EFFECTIVE","32","4.306864064602961"
"margin_5F","2026-03","night","PAD_EFFECTIVE","22","5.929919137466308"
"margin_5F","2026-03","all","ACTIVE_HUMIDIFICATION_LIKELY","20","2.6917900403768504"
"margin_5F","2026-03","night","ACTIVE_HUMIDIFICATION_LIKELY","11","2.964959568733154"
"margin_5F","2026-03","night","PASSIVE_VENT_COOL_DRY","9","2.4258760107816713"
"margin_5F","all","day","NEUTRAL_MIN_VENT","344","11.29720853858785"
"margin_5F","2026-03","day","NEUTRAL_MIN_VENT","6","1.6129032258064515"
"margin_5F","2026-03","day","ACTIVE_HUMIDIFICATION_LIKELY","9","2.4193548387096775"
"margin_5F","all","day","PAD_EFFECTIVE","12","0.39408866995073893"
"margin_5F","2026-03","day","PAD_EFFECTIVE","10","2.6881720430107525"
"margin_5F","all","day","PAD_INEFFECTIVE_DEHU_NEEDED","795","26.108374384236452"
"margin_5F","2026-03","day","PAD_INEFFECTIVE_DEHU_NEEDED","19","5.10752688172043"
"margin_5F","all","all","PAD_MARGINAL","2","0.032856908164941676"
"margin_5F","2026-03","all","PAD_MARGINAL","1","0.13458950201884254"
"margin_5F","all","night","PAD_MARGINAL","2","0.06574621959237344"
"margin_5F","2026-03","night","PAD_MARGINAL","1","0.2695417789757412"
"margin_5F","2026-04","all","PAD_INEFFECTIVE_DEHU_NEEDED","119","16.52777777777778"
"margin_5F","2026-04","night","PAD_INEFFECTIVE_DEHU_NEEDED","112","31.11111111111111"
"margin_5F","2026-04","all","PASSIVE_VENT_COOL_DRY","62","8.61111111111111"
"margin_5F","2026-04","day","PASSIVE_VENT_COOL_DRY","54","15"
"margin_5F","2026-04","all","PASSIVE_HUMIDIFY_OPPORTUNITY","27","3.75"
"margin_5F","2026-04","day","PASSIVE_HUMIDIFY_OPPORTUNITY","15","4.166666666666667"
"margin_5F","2026-04","all","PASSIVE_VENT_COOL_HUMID","107","14.86111111111111"
"margin_5F","2026-04","day","PASSIVE_VENT_COOL_HUMID","105","29.166666666666668"
"margin_5F","2026-04","all","NEUTRAL_MIN_VENT","68","9.444444444444445"
"margin_5F","2026-04","day","NEUTRAL_MIN_VENT","32","8.88888888888889"
"margin_5F","2026-04","night","NEUTRAL_MIN_VENT","36","10"
"margin_5F","2026-04","all","HEAT_VENT_HUMID","36","5"
"margin_5F","2026-04","day","HEAT_VENT_HUMID","21","5.833333333333333"
"margin_5F","2026-04","day","PAD_INEFFECTIVE_DEHU_NEEDED","7","1.9444444444444444"
"margin_5F","2026-04","all","PAD_MARGINAL","1","0.1388888888888889"
"margin_5F","2026-04","night","PAD_MARGINAL","1","0.2777777777777778"
"margin_5F","2026-04","all","MISSING_DATA","4","0.5555555555555556"
"margin_5F","2026-04","night","MISSING_DATA","4","1.1111111111111112"
"margin_5F","2026-04","all","HEAT_MAJOR_VENT_DRY","234","32.5"
"margin_5F","2026-04","night","HEAT_MAJOR_VENT_DRY","122","33.888888888888886"
"margin_5F","2026-04","day","HEAT_MAJOR_VENT_DRY","112","31.11111111111111"
"margin_5F","2026-04","all","ACTIVE_HUMIDIFICATION_LIKELY","15","2.0833333333333335"
"margin_5F","2026-04","night","ACTIVE_HUMIDIFICATION_LIKELY","15","4.166666666666667"
"margin_5F","2026-04","night","PASSIVE_VENT_COOL_DRY","8","2.2222222222222223"
"margin_5F","2026-04","all","PAD_EFFECTIVE","10","1.3888888888888888"
"margin_5F","2026-04","night","PAD_EFFECTIVE","10","2.7777777777777777"
"margin_5F","2026-04","night","PASSIVE_HUMIDIFY_OPPORTUNITY","12","3.3333333333333335"
"margin_5F","2026-04","all","HEAT_MIN_VENT","37","5.138888888888889"
"margin_5F","2026-04","day","HEAT_MIN_VENT","14","3.888888888888889"
"margin_5F","2026-04","night","PASSIVE_VENT_COOL_HUMID","2","0.5555555555555556"
"margin_5F","all","night","HEAT_VENT_HUMID","24","0.7889546351084813"
"margin_5F","2026-04","night","HEAT_VENT_HUMID","15","4.166666666666667"
"margin_5F","2026-04","night","HEAT_MIN_VENT","23","6.388888888888889"
"margin_5F","2026-05","all","HEAT_MAJOR_VENT_DRY","175","23.521505376344088"
"margin_5F","2026-05","night","HEAT_MAJOR_VENT_DRY","78","20.967741935483872"
"margin_5F","2026-05","day","HEAT_MAJOR_VENT_DRY","97","26.0752688172043"
"margin_5F","2026-05","all","PASSIVE_VENT_COOL_DRY","53","7.123655913978495"
"margin_5F","2026-05","day","PASSIVE_VENT_COOL_DRY","45","12.096774193548388"
"margin_5F","2026-05","all","ACTIVE_HUMIDIFICATION_LIKELY","29","3.8978494623655915"
"margin_5F","2026-05","night","ACTIVE_HUMIDIFICATION_LIKELY","7","1.881720430107527"
"margin_5F","2026-05","night","PASSIVE_VENT_COOL_DRY","8","2.150537634408602"
"margin_5F","2026-05","all","NEUTRAL_MIN_VENT","102","13.709677419354838"
"margin_5F","2026-05","day","NEUTRAL_MIN_VENT","58","15.591397849462366"
"margin_5F","2026-05","day","ACTIVE_HUMIDIFICATION_LIKELY","22","5.913978494623656"
"margin_5F","2026-05","all","PAD_EFFECTIVE","23","3.0913978494623655"
"margin_5F","2026-05","day","PAD_EFFECTIVE","2","0.5376344086021505"
"margin_5F","2026-05","night","PAD_EFFECTIVE","21","5.645161290322581"
"margin_5F","2026-05","all","PASSIVE_HUMIDIFY_OPPORTUNITY","46","6.182795698924731"
"margin_5F","2026-05","night","PASSIVE_HUMIDIFY_OPPORTUNITY","29","7.795698924731183"
"margin_5F","2026-05","day","PASSIVE_HUMIDIFY_OPPORTUNITY","17","4.56989247311828"
"margin_5F","2026-05","all","PAD_INEFFECTIVE_DEHU_NEEDED","179","24.059139784946236"
"margin_5F","2026-05","night","PAD_INEFFECTIVE_DEHU_NEEDED","140","37.634408602150536"
"margin_5F","2026-05","night","NEUTRAL_MIN_VENT","44","11.827956989247312"
"margin_5F","2026-05","all","HEAT_MIN_VENT","39","5.241935483870968"
"margin_5F","2026-05","day","HEAT_MIN_VENT","12","3.225806451612903"
"margin_5F","2026-05","all","PASSIVE_VENT_COOL_HUMID","65","8.736559139784946"
"margin_5F","2026-05","night","PASSIVE_VENT_COOL_HUMID","7","1.881720430107527"
"margin_5F","2026-05","all","HEAT_VENT_HUMID","31","4.166666666666667"
"margin_5F","2026-05","night","HEAT_VENT_HUMID","9","2.4193548387096775"
"margin_5F","2026-05","night","HEAT_MIN_VENT","27","7.258064516129032"
"margin_5F","2026-05","day","PASSIVE_VENT_COOL_HUMID","58","15.591397849462366"
"margin_5F","2026-05","day","PAD_INEFFECTIVE_DEHU_NEEDED","39","10.483870967741936"
"margin_5F","2026-05","all","MISSING_DATA","2","0.26881720430107525"
"margin_5F","2026-05","night","MISSING_DATA","2","0.5376344086021505"
"margin_5F","2026-05","day","HEAT_VENT_HUMID","22","5.913978494623656"
"margin_5F","2026-06","all","PAD_INEFFECTIVE_DEHU_NEEDED","439","60.97222222222222"
"margin_5F","2026-06","night","PAD_INEFFECTIVE_DEHU_NEEDED","318","88.33333333333333"
"margin_5F","2026-06","all","PASSIVE_VENT_COOL_HUMID","122","16.944444444444443"
"margin_5F","2026-06","day","PASSIVE_VENT_COOL_HUMID","122","33.888888888888886"
"margin_5F","2026-06","all","NEUTRAL_MIN_VENT","125","17.36111111111111"
"margin_5F","2026-06","day","NEUTRAL_MIN_VENT","90","25"
"margin_5F","2026-06","day","PAD_INEFFECTIVE_DEHU_NEEDED","121","33.611111111111114"
"margin_5F","2026-06","night","NEUTRAL_MIN_VENT","35","9.722222222222221"
"margin_5F","2026-06","all","PASSIVE_VENT_COOL_DRY","10","1.3888888888888888"
"margin_5F","2026-06","day","PASSIVE_VENT_COOL_DRY","10","2.7777777777777777"
"margin_5F","2026-06","all","PASSIVE_HUMIDIFY_OPPORTUNITY","19","2.638888888888889"
"margin_5F","2026-06","day","PASSIVE_HUMIDIFY_OPPORTUNITY","12","3.3333333333333335"
"margin_5F","2026-06","all","HEAT_VENT_HUMID","3","0.4166666666666667"
"margin_5F","2026-06","day","HEAT_VENT_HUMID","3","0.8333333333333334"
"margin_5F","2026-06","all","ACTIVE_HUMIDIFICATION_LIKELY","2","0.2777777777777778"
"margin_5F","2026-06","day","ACTIVE_HUMIDIFICATION_LIKELY","2","0.5555555555555556"
"margin_5F","2026-06","night","PASSIVE_HUMIDIFY_OPPORTUNITY","7","1.9444444444444444"
"margin_5F","2026-07","all","PAD_INEFFECTIVE_DEHU_NEEDED","621","83.46774193548387"
"margin_5F","2026-07","night","PAD_INEFFECTIVE_DEHU_NEEDED","370","99.46236559139786"
"margin_5F","2026-07","all","PASSIVE_VENT_COOL_HUMID","34","4.56989247311828"
"margin_5F","2026-07","day","PASSIVE_VENT_COOL_HUMID","34","9.13978494623656"
"margin_5F","2026-07","all","NEUTRAL_MIN_VENT","87","11.693548387096774"
"margin_5F","2026-07","day","NEUTRAL_MIN_VENT","85","22.849462365591396"
"margin_5F","2026-07","day","PAD_INEFFECTIVE_DEHU_NEEDED","251","67.47311827956989"
"margin_5F","2026-07","night","NEUTRAL_MIN_VENT","2","0.5376344086021505"
"margin_5F","2026-07","all","MISSING_DATA","2","0.26881720430107525"
"margin_5F","2026-07","day","MISSING_DATA","2","0.5376344086021505"
"margin_5F","2026-08","all","PAD_INEFFECTIVE_DEHU_NEEDED","633","85.08064516129032"
"margin_5F","2026-08","night","PAD_INEFFECTIVE_DEHU_NEEDED","365","98.11827956989248"
"margin_5F","2026-08","all","PASSIVE_VENT_COOL_DRY","4","0.5376344086021505"
"margin_5F","2026-08","day","PASSIVE_VENT_COOL_DRY","4","1.075268817204301"
"margin_5F","2026-08","all","PASSIVE_HUMIDIFY_OPPORTUNITY","10","1.3440860215053763"
"margin_5F","2026-08","day","PASSIVE_HUMIDIFY_OPPORTUNITY","6","1.6129032258064515"
"margin_5F","2026-08","day","PAD_INEFFECTIVE_DEHU_NEEDED","268","72.04301075268818"
"margin_5F","2026-08","all","NEUTRAL_MIN_VENT","54","7.258064516129032"
"margin_5F","2026-08","night","NEUTRAL_MIN_VENT","3","0.8064516129032258"
"margin_5F","2026-08","all","PASSIVE_VENT_COOL_HUMID","42","5.645161290322581"
"margin_5F","2026-08","day","PASSIVE_VENT_COOL_HUMID","42","11.290322580645162"
"margin_5F","2026-08","day","NEUTRAL_MIN_VENT","51","13.709677419354838"
"margin_5F","2026-08","night","PASSIVE_HUMIDIFY_OPPORTUNITY","4","1.075268817204301"
"margin_5F","2026-08","all","HEAT_MIN_VENT","1","0.13440860215053763"
"margin_5F","2026-08","day","HEAT_MIN_VENT","1","0.26881720430107525"
"margin_5F","2026-09","all","PAD_INEFFECTIVE_DEHU_NEEDED","214","83.59375"
"margin_5F","2026-09","night","PAD_INEFFECTIVE_DEHU_NEEDED","124","97.63779527559055"
"margin_5F","2026-09","all","NEUTRAL_MIN_VENT","24","9.375"
"margin_5F","2026-09","day","NEUTRAL_MIN_VENT","22","17.05426356589147"
"margin_5F","2026-09","day","PAD_INEFFECTIVE_DEHU_NEEDED","90","69.76744186046511"
"margin_5F","2026-09","all","PASSIVE_VENT_COOL_HUMID","17","6.640625"
"margin_5F","2026-09","day","PASSIVE_VENT_COOL_HUMID","17","13.178294573643411"
"margin_5F","2026-09","all","MISSING_DATA","1","0.390625"
"margin_5F","2026-09","night","MISSING_DATA","1","0.7874015748031497"
"margin_5F","2026-09","night","NEUTRAL_MIN_VENT","2","1.5748031496062993"
"margin_8F","all","all","HEAT_MAJOR_VENT_DRY","2086","34.26975521603417"
"margin_8F","2026-01","all","HEAT_MAJOR_VENT_DRY","710","95.43010752688173"
"margin_8F","all","night","HEAT_MAJOR_VENT_DRY","1068","35.108481262327416"
"margin_8F","2026-01","night","HEAT_MAJOR_VENT_DRY","362","97.31182795698925"
"margin_8F","all","day","HEAT_MAJOR_VENT_DRY","1018","33.431855500821015"
"margin_8F","2026-01","day","HEAT_MAJOR_VENT_DRY","348","93.54838709677419"
"margin_8F","all","all","PASSIVE_VENT_COOL_DRY","302","4.961393132906194"
"margin_8F","2026-01","all","PASSIVE_VENT_COOL_DRY","21","2.8225806451612905"
"margin_8F","all","day","PASSIVE_VENT_COOL_DRY","268","8.801313628899836"
"margin_8F","2026-01","day","PASSIVE_VENT_COOL_DRY","20","5.376344086021505"
"margin_8F","all","night","PASSIVE_VENT_COOL_DRY","34","1.1176857330703485"
"margin_8F","2026-01","night","PASSIVE_VENT_COOL_DRY","1","0.26881720430107525"
"margin_8F","all","all","HEAT_MIN_VENT","97","1.5935600459996715"
"margin_8F","2026-01","all","HEAT_MIN_VENT","3","0.4032258064516129"
"margin_8F","all","night","HEAT_MIN_VENT","56","1.8408941485864563"
"margin_8F","2026-01","night","HEAT_MIN_VENT","2","0.5376344086021505"
"margin_8F","all","all","PASSIVE_VENT_COOL_HUMID","408","6.702809265648103"
"margin_8F","2026-01","all","PASSIVE_VENT_COOL_HUMID","1","0.13440860215053763"
"margin_8F","all","night","PASSIVE_VENT_COOL_HUMID","10","0.32873109796186717"
"margin_8F","2026-01","night","PASSIVE_VENT_COOL_HUMID","1","0.26881720430107525"
"margin_8F","all","day","HEAT_MIN_VENT","41","1.3464696223316912"
"margin_8F","2026-01","day","HEAT_MIN_VENT","1","0.26881720430107525"
"margin_8F","all","all","HEAT_VENT_HUMID","73","1.1992771480203712"
"margin_8F","2026-01","all","HEAT_VENT_HUMID","3","0.4032258064516129"
"margin_8F","all","day","HEAT_VENT_HUMID","49","1.6091954022988506"
"margin_8F","2026-01","day","HEAT_VENT_HUMID","3","0.8064516129032258"
"margin_8F","all","all","NEUTRAL_MIN_VENT","477","7.83637259733859"
"margin_8F","2026-01","all","NEUTRAL_MIN_VENT","1","0.13440860215053763"
"margin_8F","all","night","NEUTRAL_MIN_VENT","133","4.372123602892834"
"margin_8F","2026-01","night","NEUTRAL_MIN_VENT","1","0.26881720430107525"
"margin_8F","all","all","MISSING_DATA","23","0.3778544438968293"
"margin_8F","2026-01","all","MISSING_DATA","4","0.5376344086021505"
"margin_8F","all","night","MISSING_DATA","18","0.591715976331361"
"margin_8F","2026-01","night","MISSING_DATA","4","1.075268817204301"
"margin_8F","all","all","ACTIVE_HUMIDIFICATION_LIKELY","80","1.3142763265976671"
"margin_8F","2026-01","all","ACTIVE_HUMIDIFICATION_LIKELY","1","0.13440860215053763"
"margin_8F","all","night","ACTIVE_HUMIDIFICATION_LIKELY","42","1.3806706114398422"
"margin_8F","2026-01","night","ACTIVE_HUMIDIFICATION_LIKELY","1","0.26881720430107525"
"margin_8F","2026-02","all","HEAT_MAJOR_VENT_DRY","549","81.69642857142857"
"margin_8F","2026-02","night","HEAT_MAJOR_VENT_DRY","295","87.79761904761905"
"margin_8F","2026-02","day","HEAT_MAJOR_VENT_DRY","254","75.5952380952381"
"margin_8F","2026-02","all","MISSING_DATA","10","1.4880952380952381"
"margin_8F","all","day","MISSING_DATA","5","0.16420361247947454"
"margin_8F","2026-02","day","MISSING_DATA","3","0.8928571428571429"
"margin_8F","2026-02","all","PASSIVE_VENT_COOL_DRY","78","11.607142857142858"
"margin_8F","2026-02","day","PASSIVE_VENT_COOL_DRY","70","20.833333333333332"
"margin_8F","2026-02","all","ACTIVE_HUMIDIFICATION_LIKELY","13","1.9345238095238095"
"margin_8F","all","day","ACTIVE_HUMIDIFICATION_LIKELY","38","1.2479474548440066"
"margin_8F","2026-02","day","ACTIVE_HUMIDIFICATION_LIKELY","5","1.4880952380952381"
"margin_8F","2026-02","night","ACTIVE_HUMIDIFICATION_LIKELY","8","2.380952380952381"
"margin_8F","2026-02","all","NEUTRAL_MIN_VENT","3","0.44642857142857145"
"margin_8F","2026-02","night","NEUTRAL_MIN_VENT","3","0.8928571428571429"
"margin_8F","all","all","PASSIVE_HUMIDIFY_OPPORTUNITY","172","2.8256941021849844"
"margin_8F","2026-02","all","PASSIVE_HUMIDIFY_OPPORTUNITY","9","1.3392857142857142"
"margin_8F","all","night","PASSIVE_HUMIDIFY_OPPORTUNITY","95","3.1229454306377384"
"margin_8F","2026-02","night","PASSIVE_HUMIDIFY_OPPORTUNITY","9","2.6785714285714284"
"margin_8F","2026-02","night","PASSIVE_VENT_COOL_DRY","8","2.380952380952381"
"margin_8F","2026-02","night","MISSING_DATA","7","2.0833333333333335"
"margin_8F","2026-02","all","HEAT_MIN_VENT","7","1.0416666666666667"
"margin_8F","2026-02","day","HEAT_MIN_VENT","4","1.1904761904761905"
"margin_8F","2026-02","night","HEAT_MIN_VENT","3","0.8928571428571429"
"margin_8F","all","all","PAD_INEFFECTIVE_DEHU_NEEDED","2300","37.78544438968293"
"margin_8F","2026-02","all","PAD_INEFFECTIVE_DEHU_NEEDED","1","0.1488095238095238"
"margin_8F","all","night","PAD_INEFFECTIVE_DEHU_NEEDED","1505","49.47403024326101"
"margin_8F","2026-02","night","PAD_INEFFECTIVE_DEHU_NEEDED","1","0.2976190476190476"
"margin_8F","all","all","PAD_EFFECTIVE","36","0.5914243469689502"
"margin_8F","2026-02","all","PAD_EFFECTIVE","2","0.2976190476190476"
"margin_8F","all","night","PAD_EFFECTIVE","24","0.7889546351084813"
"margin_8F","2026-02","night","PAD_EFFECTIVE","2","0.5952380952380952"
"margin_8F","2026-03","all","HEAT_MAJOR_VENT_DRY","418","56.258411843876175"
"margin_8F","2026-03","night","HEAT_MAJOR_VENT_DRY","211","56.8733153638814"
"margin_8F","2026-03","day","HEAT_MAJOR_VENT_DRY","207","55.645161290322584"
"margin_8F","2026-03","all","HEAT_MIN_VENT","10","1.3458950201884252"
"margin_8F","2026-03","day","HEAT_MIN_VENT","9","2.4193548387096775"
"margin_8F","2026-03","all","PASSIVE_VENT_COOL_DRY","74","9.959623149394348"
"margin_8F","2026-03","day","PASSIVE_VENT_COOL_DRY","65","17.473118279569892"
"margin_8F","2026-03","all","PASSIVE_HUMIDIFY_OPPORTUNITY","61","8.209959623149395"
"margin_8F","all","day","PASSIVE_HUMIDIFY_OPPORTUNITY","77","2.528735632183908"
"margin_8F","2026-03","day","PASSIVE_HUMIDIFY_OPPORTUNITY","27","7.258064516129032"
"margin_8F","2026-03","all","PAD_INEFFECTIVE_DEHU_NEEDED","94","12.651413189771198"
"margin_8F","2026-03","night","PAD_INEFFECTIVE_DEHU_NEEDED","75","20.21563342318059"
"margin_8F","2026-03","all","PASSIVE_VENT_COOL_HUMID","20","2.6917900403768504"
"margin_8F","all","day","PASSIVE_VENT_COOL_HUMID","398","13.070607553366173"
"margin_8F","2026-03","day","PASSIVE_VENT_COOL_HUMID","20","5.376344086021505"
"margin_8F","2026-03","all","NEUTRAL_MIN_VENT","13","1.749663526244953"
"margin_8F","2026-03","night","NEUTRAL_MIN_VENT","7","1.8867924528301887"
"margin_8F","2026-03","night","PASSIVE_HUMIDIFY_OPPORTUNITY","34","9.164420485175203"
"margin_8F","2026-03","night","HEAT_MIN_VENT","1","0.2695417789757412"
"margin_8F","2026-03","all","PAD_EFFECTIVE","17","2.288021534320323"
"margin_8F","2026-03","night","PAD_EFFECTIVE","7","1.8867924528301887"
"margin_8F","2026-03","all","ACTIVE_HUMIDIFICATION_LIKELY","20","2.6917900403768504"
"margin_8F","2026-03","night","ACTIVE_HUMIDIFICATION_LIKELY","11","2.964959568733154"
"margin_8F","2026-03","night","PASSIVE_VENT_COOL_DRY","9","2.4258760107816713"
"margin_8F","all","day","NEUTRAL_MIN_VENT","344","11.29720853858785"
"margin_8F","2026-03","day","NEUTRAL_MIN_VENT","6","1.6129032258064515"
"margin_8F","all","all","PAD_MARGINAL","33","0.5421389847215377"
"margin_8F","2026-03","all","PAD_MARGINAL","16","2.1534320323014806"
"margin_8F","all","night","PAD_MARGINAL","33","1.0848126232741617"
"margin_8F","2026-03","night","PAD_MARGINAL","16","4.3126684636118595"
"margin_8F","2026-03","day","ACTIVE_HUMIDIFICATION_LIKELY","9","2.4193548387096775"
"margin_8F","all","day","PAD_EFFECTIVE","12","0.39408866995073893"
"margin_8F","2026-03","day","PAD_EFFECTIVE","10","2.6881720430107525"
"margin_8F","all","day","PAD_INEFFECTIVE_DEHU_NEEDED","795","26.108374384236452"
"margin_8F","2026-03","day","PAD_INEFFECTIVE_DEHU_NEEDED","19","5.10752688172043"
"margin_8F","2026-04","all","PAD_INEFFECTIVE_DEHU_NEEDED","119","16.52777777777778"
"margin_8F","2026-04","night","PAD_INEFFECTIVE_DEHU_NEEDED","112","31.11111111111111"
"margin_8F","2026-04","all","PASSIVE_VENT_COOL_DRY","62","8.61111111111111"
"margin_8F","2026-04","day","PASSIVE_VENT_COOL_DRY","54","15"
"margin_8F","2026-04","all","PASSIVE_HUMIDIFY_OPPORTUNITY","27","3.75"
"margin_8F","2026-04","day","PASSIVE_HUMIDIFY_OPPORTUNITY","15","4.166666666666667"
"margin_8F","2026-04","all","PASSIVE_VENT_COOL_HUMID","107","14.86111111111111"
"margin_8F","2026-04","day","PASSIVE_VENT_COOL_HUMID","105","29.166666666666668"
"margin_8F","2026-04","all","NEUTRAL_MIN_VENT","68","9.444444444444445"
"margin_8F","2026-04","day","NEUTRAL_MIN_VENT","32","8.88888888888889"
"margin_8F","2026-04","night","NEUTRAL_MIN_VENT","36","10"
"margin_8F","2026-04","all","HEAT_VENT_HUMID","36","5"
"margin_8F","2026-04","day","HEAT_VENT_HUMID","21","5.833333333333333"
"margin_8F","2026-04","day","PAD_INEFFECTIVE_DEHU_NEEDED","7","1.9444444444444444"
"margin_8F","2026-04","all","PAD_MARGINAL","5","0.6944444444444444"
"margin_8F","2026-04","night","PAD_MARGINAL","5","1.3888888888888888"
"margin_8F","2026-04","all","MISSING_DATA","4","0.5555555555555556"
"margin_8F","2026-04","night","MISSING_DATA","4","1.1111111111111112"
"margin_8F","2026-04","all","HEAT_MAJOR_VENT_DRY","234","32.5"
"margin_8F","2026-04","night","HEAT_MAJOR_VENT_DRY","122","33.888888888888886"
"margin_8F","2026-04","day","HEAT_MAJOR_VENT_DRY","112","31.11111111111111"
"margin_8F","2026-04","all","ACTIVE_HUMIDIFICATION_LIKELY","15","2.0833333333333335"
"margin_8F","2026-04","night","ACTIVE_HUMIDIFICATION_LIKELY","15","4.166666666666667"
"margin_8F","2026-04","night","PASSIVE_VENT_COOL_DRY","8","2.2222222222222223"
"margin_8F","2026-04","all","PAD_EFFECTIVE","6","0.8333333333333334"
"margin_8F","2026-04","night","PAD_EFFECTIVE","6","1.6666666666666667"
"margin_8F","2026-04","night","PASSIVE_HUMIDIFY_OPPORTUNITY","12","3.3333333333333335"
"margin_8F","2026-04","all","HEAT_MIN_VENT","37","5.138888888888889"
"margin_8F","2026-04","day","HEAT_MIN_VENT","14","3.888888888888889"
"margin_8F","2026-04","night","PASSIVE_VENT_COOL_HUMID","2","0.5555555555555556"
"margin_8F","all","night","HEAT_VENT_HUMID","24","0.7889546351084813"
"margin_8F","2026-04","night","HEAT_VENT_HUMID","15","4.166666666666667"
"margin_8F","2026-04","night","HEAT_MIN_VENT","23","6.388888888888889"
"margin_8F","2026-05","all","HEAT_MAJOR_VENT_DRY","175","23.521505376344088"
"margin_8F","2026-05","night","HEAT_MAJOR_VENT_DRY","78","20.967741935483872"
"margin_8F","2026-05","day","HEAT_MAJOR_VENT_DRY","97","26.0752688172043"
"margin_8F","2026-05","all","PASSIVE_VENT_COOL_DRY","53","7.123655913978495"
"margin_8F","2026-05","day","PASSIVE_VENT_COOL_DRY","45","12.096774193548388"
"margin_8F","2026-05","all","ACTIVE_HUMIDIFICATION_LIKELY","29","3.8978494623655915"
"margin_8F","2026-05","night","ACTIVE_HUMIDIFICATION_LIKELY","7","1.881720430107527"
"margin_8F","2026-05","night","PASSIVE_VENT_COOL_DRY","8","2.150537634408602"
"margin_8F","2026-05","all","NEUTRAL_MIN_VENT","102","13.709677419354838"
"margin_8F","2026-05","day","NEUTRAL_MIN_VENT","58","15.591397849462366"
"margin_8F","2026-05","day","ACTIVE_HUMIDIFICATION_LIKELY","22","5.913978494623656"
"margin_8F","2026-05","all","PAD_EFFECTIVE","11","1.478494623655914"
"margin_8F","2026-05","day","PAD_EFFECTIVE","2","0.5376344086021505"
"margin_8F","2026-05","all","PAD_MARGINAL","12","1.6129032258064515"
"margin_8F","2026-05","night","PAD_MARGINAL","12","3.225806451612903"
"margin_8F","2026-05","night","PAD_EFFECTIVE","9","2.4193548387096775"
"margin_8F","2026-05","all","PASSIVE_HUMIDIFY_OPPORTUNITY","46","6.182795698924731"
"margin_8F","2026-05","night","PASSIVE_HUMIDIFY_OPPORTUNITY","29","7.795698924731183"
"margin_8F","2026-05","day","PASSIVE_HUMIDIFY_OPPORTUNITY","17","4.56989247311828"
"margin_8F","2026-05","all","PAD_INEFFECTIVE_DEHU_NEEDED","179","24.059139784946236"
"margin_8F","2026-05","night","PAD_INEFFECTIVE_DEHU_NEEDED","140","37.634408602150536"
"margin_8F","2026-05","night","NEUTRAL_MIN_VENT","44","11.827956989247312"
"margin_8F","2026-05","all","HEAT_MIN_VENT","39","5.241935483870968"
"margin_8F","2026-05","day","HEAT_MIN_VENT","12","3.225806451612903"
"margin_8F","2026-05","all","PASSIVE_VENT_COOL_HUMID","65","8.736559139784946"
"margin_8F","2026-05","night","PASSIVE_VENT_COOL_HUMID","7","1.881720430107527"
"margin_8F","2026-05","all","HEAT_VENT_HUMID","31","4.166666666666667"
"margin_8F","2026-05","night","HEAT_VENT_HUMID","9","2.4193548387096775"
"margin_8F","2026-05","night","HEAT_MIN_VENT","27","7.258064516129032"
"margin_8F","2026-05","day","PASSIVE_VENT_COOL_HUMID","58","15.591397849462366"
"margin_8F","2026-05","day","PAD_INEFFECTIVE_DEHU_NEEDED","39","10.483870967741936"
"margin_8F","2026-05","all","MISSING_DATA","2","0.26881720430107525"
"margin_8F","2026-05","night","MISSING_DATA","2","0.5376344086021505"
"margin_8F","2026-05","day","HEAT_VENT_HUMID","22","5.913978494623656"
"margin_8F","2026-06","all","PAD_INEFFECTIVE_DEHU_NEEDED","439","60.97222222222222"
"margin_8F","2026-06","night","PAD_INEFFECTIVE_DEHU_NEEDED","318","88.33333333333333"
"margin_8F","2026-06","all","PASSIVE_VENT_COOL_HUMID","122","16.944444444444443"
"margin_8F","2026-06","day","PASSIVE_VENT_COOL_HUMID","122","33.888888888888886"
"margin_8F","2026-06","all","NEUTRAL_MIN_VENT","125","17.36111111111111"
"margin_8F","2026-06","day","NEUTRAL_MIN_VENT","90","25"
"margin_8F","2026-06","day","PAD_INEFFECTIVE_DEHU_NEEDED","121","33.611111111111114"
"margin_8F","2026-06","night","NEUTRAL_MIN_VENT","35","9.722222222222221"
"margin_8F","2026-06","all","PASSIVE_VENT_COOL_DRY","10","1.3888888888888888"
"margin_8F","2026-06","day","PASSIVE_VENT_COOL_DRY","10","2.7777777777777777"
"margin_8F","2026-06","all","PASSIVE_HUMIDIFY_OPPORTUNITY","19","2.638888888888889"
"margin_8F","2026-06","day","PASSIVE_HUMIDIFY_OPPORTUNITY","12","3.3333333333333335"
"margin_8F","2026-06","all","HEAT_VENT_HUMID","3","0.4166666666666667"
"margin_8F","2026-06","day","HEAT_VENT_HUMID","3","0.8333333333333334"
"margin_8F","2026-06","all","ACTIVE_HUMIDIFICATION_LIKELY","2","0.2777777777777778"
"margin_8F","2026-06","day","ACTIVE_HUMIDIFICATION_LIKELY","2","0.5555555555555556"
"margin_8F","2026-06","night","PASSIVE_HUMIDIFY_OPPORTUNITY","7","1.9444444444444444"
"margin_8F","2026-07","all","PAD_INEFFECTIVE_DEHU_NEEDED","621","83.46774193548387"
"margin_8F","2026-07","night","PAD_INEFFECTIVE_DEHU_NEEDED","370","99.46236559139786"
"margin_8F","2026-07","all","PASSIVE_VENT_COOL_HUMID","34","4.56989247311828"
"margin_8F","2026-07","day","PASSIVE_VENT_COOL_HUMID","34","9.13978494623656"
"margin_8F","2026-07","all","NEUTRAL_MIN_VENT","87","11.693548387096774"
"margin_8F","2026-07","day","NEUTRAL_MIN_VENT","85","22.849462365591396"
"margin_8F","2026-07","day","PAD_INEFFECTIVE_DEHU_NEEDED","251","67.47311827956989"
"margin_8F","2026-07","night","NEUTRAL_MIN_VENT","2","0.5376344086021505"
"margin_8F","2026-07","all","MISSING_DATA","2","0.26881720430107525"
"margin_8F","2026-07","day","MISSING_DATA","2","0.5376344086021505"
"margin_8F","2026-08","all","PAD_INEFFECTIVE_DEHU_NEEDED","633","85.08064516129032"
"margin_8F","2026-08","night","PAD_INEFFECTIVE_DEHU_NEEDED","365","98.11827956989248"
"margin_8F","2026-08","all","PASSIVE_VENT_COOL_DRY","4","0.5376344086021505"
"margin_8F","2026-08","day","PASSIVE_VENT_COOL_DRY","4","1.075268817204301"
"margin_8F","2026-08","all","PASSIVE_HUMIDIFY_OPPORTUNITY","10","1.3440860215053763"
"margin_8F","2026-08","day","PASSIVE_HUMIDIFY_OPPORTUNITY","6","1.6129032258064515"
"margin_8F","2026-08","day","PAD_INEFFECTIVE_DEHU_NEEDED","268","72.04301075268818"
"margin_8F","2026-08","all","NEUTRAL_MIN_VENT","54","7.258064516129032"
"margin_8F","2026-08","night","NEUTRAL_MIN_VENT","3","0.8064516129032258"
"margin_8F","2026-08","all","PASSIVE_VENT_COOL_HUMID","42","5.645161290322581"
"margin_8F","2026-08","day","PASSIVE_VENT_COOL_HUMID","42","11.290322580645162"
"margin_8F","2026-08","day","NEUTRAL_MIN_VENT","51","13.709677419354838"
"margin_8F","2026-08","night","PASSIVE_HUMIDIFY_OPPORTUNITY","4","1.075268817204301"
"margin_8F","2026-08","all","HEAT_MIN_VENT","1","0.13440860215053763"
"margin_8F","2026-08","day","HEAT_MIN_VENT","1","0.26881720430107525"
"margin_8F","2026-09","all","PAD_INEFFECTIVE_DEHU_NEEDED","214","83.59375"
"margin_8F","2026-09","night","PAD_INEFFECTIVE_DEHU_NEEDED","124","97.63779527559055"
"margin_8F","2026-09","all","NEUTRAL_MIN_VENT","24","9.375"
"margin_8F","2026-09","day","NEUTRAL_MIN_VENT","22","17.05426356589147"
"margin_8F","2026-09","day","PAD_INEFFECTIVE_DEHU_NEEDED","90","69.76744186046511"
"margin_8F","2026-09","all","PASSIVE_VENT_COOL_HUMID","17","6.640625"
"margin_8F","2026-09","day","PASSIVE_VENT_COOL_HUMID","17","13.178294573643411"
"margin_8F","2026-09","all","MISSING_DATA","1","0.390625"
"margin_8F","2026-09","night","MISSING_DATA","1","0.7874015748031497"
"margin_8F","2026-09","night","NEUTRAL_MIN_VENT","2","1.5748031496062993"
"cool_crop","all","all","HEAT_MAJOR_VENT_DRY","1863","30.606209955643173"
"cool_crop","2026-01","all","HEAT_MAJOR_VENT_DRY","689","92.60752688172043"
"cool_crop","all","night","HEAT_MAJOR_VENT_DRY","990","32.544378698224854"
"cool_crop","2026-01","night","HEAT_MAJOR_VENT_DRY","353","94.89247311827957"
"cool_crop","all","day","HEAT_MAJOR_VENT_DRY","873","28.669950738916256"
"cool_crop","2026-01","day","HEAT_MAJOR_VENT_DRY","336","90.3225806451613"
"cool_crop","all","all","PASSIVE_VENT_COOL_DRY","213","3.499260719566289"
"cool_crop","2026-01","all","PASSIVE_VENT_COOL_DRY","27","3.629032258064516"
"cool_crop","all","day","PASSIVE_VENT_COOL_DRY","159","5.221674876847291"
"cool_crop","2026-01","day","PASSIVE_VENT_COOL_DRY","21","5.645161290322581"
"cool_crop","all","all","HEAT_MIN_VENT","99","1.6264169541646132"
"cool_crop","2026-01","all","HEAT_MIN_VENT","4","0.5376344086021505"
"cool_crop","all","night","HEAT_MIN_VENT","45","1.4792899408284024"
"cool_crop","2026-01","night","HEAT_MIN_VENT","4","1.075268817204301"
"cool_crop","all","all","ACTIVE_HUMIDIFICATION_LIKELY","122","2.0042713980614426"
"cool_crop","2026-01","all","ACTIVE_HUMIDIFICATION_LIKELY","9","1.2096774193548387"
"cool_crop","all","day","ACTIVE_HUMIDIFICATION_LIKELY","86","2.8243021346469623"
"cool_crop","2026-01","day","ACTIVE_HUMIDIFICATION_LIKELY","8","2.150537634408602"
"cool_crop","all","night","PASSIVE_VENT_COOL_DRY","54","1.7751479289940828"
"cool_crop","2026-01","night","PASSIVE_VENT_COOL_DRY","6","1.6129032258064515"
"cool_crop","all","all","PASSIVE_HUMIDIFY_OPPORTUNITY","125","2.053556760308855"
"cool_crop","2026-01","all","PASSIVE_HUMIDIFY_OPPORTUNITY","5","0.6720430107526881"
"cool_crop","all","night","PASSIVE_HUMIDIFY_OPPORTUNITY","76","2.498356344510191"
"cool_crop","2026-01","night","PASSIVE_HUMIDIFY_OPPORTUNITY","2","0.5376344086021505"
"cool_crop","all","all","PASSIVE_VENT_COOL_HUMID","90","1.4785608674223756"
"cool_crop","2026-01","all","PASSIVE_VENT_COOL_HUMID","3","0.4032258064516129"
"cool_crop","all","night","PASSIVE_VENT_COOL_HUMID","17","0.5588428665351742"
"cool_crop","2026-01","night","PASSIVE_VENT_COOL_HUMID","1","0.26881720430107525"
"cool_crop","all","all","NEUTRAL_MIN_VENT","370","6.07852801051421"
"cool_crop","2026-01","all","NEUTRAL_MIN_VENT","1","0.13440860215053763"
"cool_crop","all","night","NEUTRAL_MIN_VENT","109","3.5831689677843523"
"cool_crop","2026-01","night","NEUTRAL_MIN_VENT","1","0.26881720430107525"
"cool_crop","all","all","HEAT_VENT_HUMID","76","1.2485625102677838"
"cool_crop","2026-01","all","HEAT_VENT_HUMID","2","0.26881720430107525"
"cool_crop","all","day","HEAT_VENT_HUMID","41","1.3464696223316912"
"cool_crop","2026-01","day","HEAT_VENT_HUMID","2","0.5376344086021505"
"cool_crop","all","day","PASSIVE_VENT_COOL_HUMID","73","2.3973727422003286"
"cool_crop","2026-01","day","PASSIVE_VENT_COOL_HUMID","2","0.5376344086021505"
"cool_crop","all","day","PASSIVE_HUMIDIFY_OPPORTUNITY","49","1.6091954022988506"
"cool_crop","2026-01","day","PASSIVE_HUMIDIFY_OPPORTUNITY","3","0.8064516129032258"
"cool_crop","all","all","MISSING_DATA","23","0.3778544438968293"
"cool_crop","2026-01","all","MISSING_DATA","4","0.5376344086021505"
"cool_crop","all","night","MISSING_DATA","18","0.591715976331361"
"cool_crop","2026-01","night","MISSING_DATA","4","1.075268817204301"
"cool_crop","all","night","ACTIVE_HUMIDIFICATION_LIKELY","36","1.183431952662722"
"cool_crop","2026-01","night","ACTIVE_HUMIDIFICATION_LIKELY","1","0.26881720430107525"
"cool_crop","2026-02","all","HEAT_MAJOR_VENT_DRY","491","73.06547619047619"
"cool_crop","2026-02","night","HEAT_MAJOR_VENT_DRY","275","81.8452380952381"
"cool_crop","2026-02","day","HEAT_MAJOR_VENT_DRY","216","64.28571428571429"
"cool_crop","2026-02","all","PASSIVE_VENT_COOL_DRY","69","10.267857142857142"
"cool_crop","2026-02","day","PASSIVE_VENT_COOL_DRY","53","15.773809523809524"
"cool_crop","2026-02","all","MISSING_DATA","10","1.4880952380952381"
"cool_crop","all","day","MISSING_DATA","5","0.16420361247947454"
"cool_crop","2026-02","day","MISSING_DATA","3","0.8928571428571429"
"cool_crop","2026-02","all","ACTIVE_HUMIDIFICATION_LIKELY","35","5.208333333333333"
"cool_crop","2026-02","day","ACTIVE_HUMIDIFICATION_LIKELY","28","8.333333333333334"
"cool_crop","2026-02","all","NEUTRAL_MIN_VENT","6","0.8928571428571429"
"cool_crop","all","day","NEUTRAL_MIN_VENT","261","8.571428571428571"
"cool_crop","2026-02","day","NEUTRAL_MIN_VENT","4","1.1904761904761905"
"cool_crop","all","all","PAD_EFFECTIVE","89","1.4621324133399047"
"cool_crop","2026-02","all","PAD_EFFECTIVE","16","2.380952380952381"
"cool_crop","all","day","PAD_EFFECTIVE","51","1.6748768472906403"
"cool_crop","2026-02","day","PAD_EFFECTIVE","14","4.166666666666667"
"cool_crop","2026-02","night","NEUTRAL_MIN_VENT","2","0.5952380952380952"
"cool_crop","2026-02","all","PASSIVE_HUMIDIFY_OPPORTUNITY","23","3.4226190476190474"
"cool_crop","2026-02","night","PASSIVE_HUMIDIFY_OPPORTUNITY","15","4.464285714285714"
"cool_crop","2026-02","night","PASSIVE_VENT_COOL_DRY","16","4.761904761904762"
"cool_crop","2026-02","day","PASSIVE_HUMIDIFY_OPPORTUNITY","8","2.380952380952381"
"cool_crop","2026-02","night","MISSING_DATA","7","2.0833333333333335"
"cool_crop","2026-02","all","HEAT_MIN_VENT","13","1.9345238095238095"
"cool_crop","2026-02","night","HEAT_MIN_VENT","7","2.0833333333333335"
"cool_crop","all","day","HEAT_MIN_VENT","54","1.7733990147783252"
"cool_crop","2026-02","day","HEAT_MIN_VENT","6","1.7857142857142858"
"cool_crop","2026-02","all","HEAT_VENT_HUMID","4","0.5952380952380952"
"cool_crop","2026-02","day","HEAT_VENT_HUMID","4","1.1904761904761905"
"cool_crop","all","all","PAD_INEFFECTIVE_DEHU_NEEDED","3015","49.53178905864958"
"cool_crop","2026-02","all","PAD_INEFFECTIVE_DEHU_NEEDED","5","0.7440476190476191"
"cool_crop","all","night","PAD_INEFFECTIVE_DEHU_NEEDED","1622","53.32018408941486"
"cool_crop","2026-02","night","PAD_INEFFECTIVE_DEHU_NEEDED","5","1.4880952380952381"
"cool_crop","2026-02","night","ACTIVE_HUMIDIFICATION_LIKELY","7","2.0833333333333335"
"cool_crop","all","night","PAD_EFFECTIVE","38","1.2491781722550954"
"cool_crop","2026-02","night","PAD_EFFECTIVE","2","0.5952380952380952"
"cool_crop","2026-03","all","HEAT_MAJOR_VENT_DRY","381","51.278600269179"
"cool_crop","2026-03","night","HEAT_MAJOR_VENT_DRY","194","52.2911051212938"
"cool_crop","2026-03","day","HEAT_MAJOR_VENT_DRY","187","50.26881720430107"
"cool_crop","2026-03","all","HEAT_MIN_VENT","10","1.3458950201884252"
"cool_crop","2026-03","day","HEAT_MIN_VENT","6","1.6129032258064515"
"cool_crop","2026-03","all","PASSIVE_HUMIDIFY_OPPORTUNITY","38","5.114401076716016"
"cool_crop","2026-03","day","PASSIVE_HUMIDIFY_OPPORTUNITY","22","5.913978494623656"
"cool_crop","2026-03","all","NEUTRAL_MIN_VENT","36","4.8452220726783315"
"cool_crop","2026-03","day","NEUTRAL_MIN_VENT","26","6.989247311827957"
"cool_crop","2026-03","all","PAD_INEFFECTIVE_DEHU_NEEDED","188","25.302826379542395"
"cool_crop","all","day","PAD_INEFFECTIVE_DEHU_NEEDED","1393","45.747126436781606"
"cool_crop","2026-03","day","PAD_INEFFECTIVE_DEHU_NEEDED","77","20.698924731182796"
"cool_crop","2026-03","night","PAD_INEFFECTIVE_DEHU_NEEDED","111","29.919137466307276"
"cool_crop","2026-03","night","HEAT_MIN_VENT","4","1.0781671159029649"
"cool_crop","2026-03","night","NEUTRAL_MIN_VENT","10","2.6954177897574123"
"cool_crop","2026-03","all","PASSIVE_VENT_COOL_HUMID","3","0.4037685060565276"
"cool_crop","2026-03","day","PASSIVE_VENT_COOL_HUMID","3","0.8064516129032258"
"cool_crop","2026-03","night","PASSIVE_HUMIDIFY_OPPORTUNITY","16","4.3126684636118595"
"cool_crop","2026-03","all","PASSIVE_VENT_COOL_DRY","41","5.518169582772543"
"cool_crop","2026-03","day","PASSIVE_VENT_COOL_DRY","28","7.526881720430108"
"cool_crop","2026-03","all","ACTIVE_HUMIDIFICATION_LIKELY","24","3.2301480484522207"
"cool_crop","2026-03","day","ACTIVE_HUMIDIFICATION_LIKELY","11","2.956989247311828"
"cool_crop","2026-03","all","PAD_EFFECTIVE","21","2.826379542395693"
"cool_crop","2026-03","night","PAD_EFFECTIVE","10","2.6954177897574123"
"cool_crop","2026-03","night","ACTIVE_HUMIDIFICATION_LIKELY","13","3.504043126684636"
"cool_crop","2026-03","night","PASSIVE_VENT_COOL_DRY","13","3.504043126684636"
"cool_crop","2026-03","all","HEAT_VENT_HUMID","1","0.13458950201884254"
"cool_crop","2026-03","day","HEAT_VENT_HUMID","1","0.26881720430107525"
"cool_crop","2026-03","day","PAD_EFFECTIVE","11","2.956989247311828"
"cool_crop","2026-04","all","PAD_INEFFECTIVE_DEHU_NEEDED","222","30.833333333333332"
"cool_crop","2026-04","night","PAD_INEFFECTIVE_DEHU_NEEDED","133","36.94444444444444"
"cool_crop","2026-04","all","PASSIVE_VENT_COOL_HUMID","43","5.972222222222222"
"cool_crop","2026-04","day","PASSIVE_VENT_COOL_HUMID","32","8.88888888888889"
"cool_crop","2026-04","all","NEUTRAL_MIN_VENT","96","13.333333333333334"
"cool_crop","2026-04","day","NEUTRAL_MIN_VENT","64","17.77777777777778"
"cool_crop","2026-04","day","PAD_INEFFECTIVE_DEHU_NEEDED","89","24.72222222222222"
"cool_crop","2026-04","night","NEUTRAL_MIN_VENT","32","8.88888888888889"
"cool_crop","2026-04","all","MISSING_DATA","4","0.5555555555555556"
"cool_crop","2026-04","night","MISSING_DATA","4","1.1111111111111112"
"cool_crop","2026-04","all","HEAT_MIN_VENT","28","3.888888888888889"
"cool_crop","2026-04","night","HEAT_MIN_VENT","16","4.444444444444445"
"cool_crop","2026-04","all","HEAT_MAJOR_VENT_DRY","182","25.27777777777778"
"cool_crop","2026-04","night","HEAT_MAJOR_VENT_DRY","101","28.055555555555557"
"cool_crop","2026-04","day","HEAT_MAJOR_VENT_DRY","81","22.5"
"cool_crop","2026-04","all","PASSIVE_VENT_COOL_DRY","46","6.388888888888889"
"cool_crop","2026-04","night","PASSIVE_VENT_COOL_DRY","13","3.611111111111111"
"cool_crop","2026-04","day","PASSIVE_VENT_COOL_DRY","33","9.166666666666666"
"cool_crop","2026-04","all","ACTIVE_HUMIDIFICATION_LIKELY","34","4.722222222222222"
"cool_crop","2026-04","night","ACTIVE_HUMIDIFICATION_LIKELY","9","2.5"
"cool_crop","2026-04","day","ACTIVE_HUMIDIFICATION_LIKELY","25","6.944444444444445"
"cool_crop","2026-04","all","PAD_EFFECTIVE","13","1.8055555555555556"
"cool_crop","2026-04","night","PAD_EFFECTIVE","8","2.2222222222222223"
"cool_crop","2026-04","day","PAD_EFFECTIVE","5","1.3888888888888888"
"cool_crop","2026-04","all","PASSIVE_HUMIDIFY_OPPORTUNITY","19","2.638888888888889"
"cool_crop","2026-04","night","PASSIVE_HUMIDIFY_OPPORTUNITY","16","4.444444444444445"
"cool_crop","2026-04","day","PASSIVE_HUMIDIFY_OPPORTUNITY","3","0.8333333333333334"
"cool_crop","2026-04","day","HEAT_MIN_VENT","12","3.3333333333333335"
"cool_crop","2026-04","all","HEAT_VENT_HUMID","33","4.583333333333333"
"cool_crop","2026-04","day","HEAT_VENT_HUMID","16","4.444444444444445"
"cool_crop","2026-04","night","PASSIVE_VENT_COOL_HUMID","11","3.0555555555555554"
"cool_crop","all","night","HEAT_VENT_HUMID","35","1.1505588428665352"
"cool_crop","2026-04","night","HEAT_VENT_HUMID","17","4.722222222222222"
"cool_crop","2026-05","all","HEAT_MAJOR_VENT_DRY","120","16.129032258064516"
"cool_crop","2026-05","night","HEAT_MAJOR_VENT_DRY","67","18.010752688172044"
"cool_crop","2026-05","day","HEAT_MAJOR_VENT_DRY","53","14.24731182795699"
"cool_crop","2026-05","all","PASSIVE_VENT_COOL_DRY","30","4.032258064516129"
"cool_crop","2026-05","day","PASSIVE_VENT_COOL_DRY","24","6.451612903225806"
"cool_crop","2026-05","all","ACTIVE_HUMIDIFICATION_LIKELY","20","2.6881720430107525"
"cool_crop","2026-05","night","ACTIVE_HUMIDIFICATION_LIKELY","6","1.6129032258064515"
"cool_crop","2026-05","night","PASSIVE_VENT_COOL_DRY","6","1.6129032258064515"
"cool_crop","2026-05","day","ACTIVE_HUMIDIFICATION_LIKELY","14","3.763440860215054"
"cool_crop","2026-05","all","PAD_EFFECTIVE","39","5.241935483870968"
"cool_crop","2026-05","night","PAD_EFFECTIVE","18","4.838709677419355"
"cool_crop","2026-05","all","PASSIVE_HUMIDIFY_OPPORTUNITY","35","4.704301075268817"
"cool_crop","2026-05","day","PASSIVE_HUMIDIFY_OPPORTUNITY","8","2.150537634408602"
"cool_crop","2026-05","all","PAD_INEFFECTIVE_DEHU_NEEDED","317","42.60752688172043"
"cool_crop","2026-05","day","PAD_INEFFECTIVE_DEHU_NEEDED","150","40.32258064516129"
"cool_crop","2026-05","day","PAD_EFFECTIVE","21","5.645161290322581"
"cool_crop","all","all","PAD_MARGINAL","2","0.032856908164941676"
"cool_crop","2026-05","all","PAD_MARGINAL","2","0.26881720430107525"
"cool_crop","all","night","PAD_MARGINAL","2","0.06574621959237344"
"cool_crop","2026-05","night","PAD_MARGINAL","2","0.5376344086021505"
"cool_crop","2026-05","night","PASSIVE_HUMIDIFY_OPPORTUNITY","27","7.258064516129032"
"cool_crop","2026-05","night","PAD_INEFFECTIVE_DEHU_NEEDED","167","44.89247311827957"
"cool_crop","2026-05","all","NEUTRAL_MIN_VENT","71","9.543010752688172"
"cool_crop","2026-05","night","NEUTRAL_MIN_VENT","40","10.75268817204301"
"cool_crop","2026-05","all","PASSIVE_VENT_COOL_HUMID","29","3.8978494623655915"
"cool_crop","2026-05","day","PASSIVE_VENT_COOL_HUMID","24","6.451612903225806"
"cool_crop","2026-05","all","HEAT_MIN_VENT","44","5.913978494623656"
"cool_crop","2026-05","day","HEAT_MIN_VENT","30","8.064516129032258"
"cool_crop","2026-05","night","PASSIVE_VENT_COOL_HUMID","5","1.3440860215053763"
"cool_crop","2026-05","all","HEAT_VENT_HUMID","35","4.704301075268817"
"cool_crop","2026-05","night","HEAT_VENT_HUMID","18","4.838709677419355"
"cool_crop","2026-05","night","HEAT_MIN_VENT","14","3.763440860215054"
"cool_crop","2026-05","day","HEAT_VENT_HUMID","17","4.56989247311828"
"cool_crop","2026-05","day","NEUTRAL_MIN_VENT","31","8.333333333333334"
"cool_crop","2026-05","all","MISSING_DATA","2","0.26881720430107525"
"cool_crop","2026-05","night","MISSING_DATA","2","0.5376344086021505"
"cool_crop","2026-06","all","PAD_INEFFECTIVE_DEHU_NEEDED","595","82.63888888888889"
"cool_crop","2026-06","night","PAD_INEFFECTIVE_DEHU_NEEDED","339","94.16666666666667"
"cool_crop","2026-06","day","PAD_INEFFECTIVE_DEHU_NEEDED","256","71.11111111111111"
"cool_crop","2026-06","all","PASSIVE_VENT_COOL_HUMID","9","1.25"
"cool_crop","2026-06","day","PASSIVE_VENT_COOL_HUMID","9","2.5"
"cool_crop","2026-06","all","NEUTRAL_MIN_VENT","111","15.416666666666666"
"cool_crop","2026-06","day","NEUTRAL_MIN_VENT","90","25"
"cool_crop","2026-06","night","NEUTRAL_MIN_VENT","21","5.833333333333333"
"cool_crop","2026-06","all","PASSIVE_HUMIDIFY_OPPORTUNITY","5","0.6944444444444444"
"cool_crop","2026-06","day","PASSIVE_HUMIDIFY_OPPORTUNITY","5","1.3888888888888888"
"cool_crop","2026-07","all","PAD_INEFFECTIVE_DEHU_NEEDED","728","97.84946236559139"
"cool_crop","2026-07","night","PAD_INEFFECTIVE_DEHU_NEEDED","372","100"
"cool_crop","2026-07","day","PAD_INEFFECTIVE_DEHU_NEEDED","356","95.6989247311828"
"cool_crop","2026-07","all","NEUTRAL_MIN_VENT","14","1.881720430107527"
"cool_crop","2026-07","day","NEUTRAL_MIN_VENT","14","3.763440860215054"
"cool_crop","2026-07","all","MISSING_DATA","2","0.26881720430107525"
"cool_crop","2026-07","day","MISSING_DATA","2","0.5376344086021505"
"cool_crop","2026-08","all","PAD_INEFFECTIVE_DEHU_NEEDED","714","95.96774193548387"
"cool_crop","2026-08","night","PAD_INEFFECTIVE_DEHU_NEEDED","369","99.19354838709677"
"cool_crop","2026-08","all","NEUTRAL_MIN_VENT","27","3.629032258064516"
"cool_crop","2026-08","day","NEUTRAL_MIN_VENT","24","6.451612903225806"
"cool_crop","2026-08","day","PAD_INEFFECTIVE_DEHU_NEEDED","345","92.74193548387096"
"cool_crop","2026-08","all","PASSIVE_VENT_COOL_HUMID","2","0.26881720430107525"
"cool_crop","2026-08","day","PASSIVE_VENT_COOL_HUMID","2","0.5376344086021505"
"cool_crop","2026-08","night","NEUTRAL_MIN_VENT","3","0.8064516129032258"
"cool_crop","2026-08","all","HEAT_VENT_HUMID","1","0.13440860215053763"
"cool_crop","2026-08","day","HEAT_VENT_HUMID","1","0.26881720430107525"
"cool_crop","2026-09","all","PAD_INEFFECTIVE_DEHU_NEEDED","246","96.09375"
"cool_crop","2026-09","night","PAD_INEFFECTIVE_DEHU_NEEDED","126","99.21259842519684"
"cool_crop","2026-09","day","PAD_INEFFECTIVE_DEHU_NEEDED","120","93.02325581395348"
"cool_crop","2026-09","all","MISSING_DATA","1","0.390625"
"cool_crop","2026-09","night","MISSING_DATA","1","0.7874015748031497"
"cool_crop","2026-09","all","NEUTRAL_MIN_VENT","8","3.125"
"cool_crop","2026-09","day","NEUTRAL_MIN_VENT","8","6.2015503875969"
"cool_crop","2026-09","all","PASSIVE_VENT_COOL_HUMID","1","0.390625"
"cool_crop","2026-09","day","PASSIVE_VENT_COOL_HUMID","1","0.7751937984496124"
"warm_crop","all","all","HEAT_MAJOR_VENT_DRY","2440","40.085427961228845"
"warm_crop","2026-01","all","HEAT_MAJOR_VENT_DRY","733","98.52150537634408"
"warm_crop","all","night","HEAT_MAJOR_VENT_DRY","1206","39.64497041420118"
"warm_crop","2026-01","night","HEAT_MAJOR_VENT_DRY","365","98.11827956989248"
"warm_crop","all","day","HEAT_MAJOR_VENT_DRY","1234","40.52545155993432"
"warm_crop","2026-01","day","HEAT_MAJOR_VENT_DRY","368","98.9247311827957"
"warm_crop","all","all","HEAT_MIN_VENT","183","3.0064070970921635"
"warm_crop","2026-01","all","HEAT_MIN_VENT","6","0.8064516129032258"
"warm_crop","all","night","HEAT_MIN_VENT","72","2.366863905325444"
"warm_crop","2026-01","night","HEAT_MIN_VENT","2","0.5376344086021505"
"warm_crop","all","day","HEAT_MIN_VENT","111","3.645320197044335"
"warm_crop","2026-01","day","HEAT_MIN_VENT","4","1.075268817204301"
"warm_crop","all","all","PASSIVE_VENT_COOL_DRY","176","2.891407918514868"
"warm_crop","2026-01","all","PASSIVE_VENT_COOL_DRY","1","0.13440860215053763"
"warm_crop","all","night","PASSIVE_VENT_COOL_DRY","26","0.8547008547008547"
"warm_crop","2026-01","night","PASSIVE_VENT_COOL_DRY","1","0.26881720430107525"
"warm_crop","all","all","MISSING_DATA","23","0.3778544438968293"
"warm_crop","2026-01","all","MISSING_DATA","4","0.5376344086021505"
"warm_crop","all","night","MISSING_DATA","18","0.591715976331361"
"warm_crop","2026-01","night","MISSING_DATA","4","1.075268817204301"
"warm_crop","2026-02","all","HEAT_MAJOR_VENT_DRY","632","94.04761904761905"
"warm_crop","2026-02","night","HEAT_MAJOR_VENT_DRY","319","94.94047619047619"
"warm_crop","2026-02","day","HEAT_MAJOR_VENT_DRY","313","93.1547619047619"
"warm_crop","2026-02","all","MISSING_DATA","10","1.4880952380952381"
"warm_crop","all","day","MISSING_DATA","5","0.16420361247947454"
"warm_crop","2026-02","day","MISSING_DATA","3","0.8928571428571429"
"warm_crop","2026-02","all","PASSIVE_VENT_COOL_DRY","22","3.2738095238095237"
"warm_crop","all","day","PASSIVE_VENT_COOL_DRY","150","4.926108374384237"
"warm_crop","2026-02","day","PASSIVE_VENT_COOL_DRY","19","5.654761904761905"
"warm_crop","2026-02","night","MISSING_DATA","7","2.0833333333333335"
"warm_crop","all","all","PASSIVE_HUMIDIFY_OPPORTUNITY","197","3.2364054542467553"
"warm_crop","2026-02","all","PASSIVE_HUMIDIFY_OPPORTUNITY","5","0.7440476190476191"
"warm_crop","all","night","PASSIVE_HUMIDIFY_OPPORTUNITY","131","4.30637738330046"
"warm_crop","2026-02","night","PASSIVE_HUMIDIFY_OPPORTUNITY","5","1.4880952380952381"
"warm_crop","2026-02","night","PASSIVE_VENT_COOL_DRY","3","0.8928571428571429"
"warm_crop","all","all","ACTIVE_HUMIDIFICATION_LIKELY","64","1.0514210612781336"
"warm_crop","2026-02","all","ACTIVE_HUMIDIFICATION_LIKELY","3","0.44642857142857145"
"warm_crop","all","day","ACTIVE_HUMIDIFICATION_LIKELY","37","1.2151067323481117"
"warm_crop","2026-02","day","ACTIVE_HUMIDIFICATION_LIKELY","1","0.2976190476190476"
"warm_crop","all","night","ACTIVE_HUMIDIFICATION_LIKELY","27","0.8875739644970414"
"warm_crop","2026-02","night","ACTIVE_HUMIDIFICATION_LIKELY","2","0.5952380952380952"
"warm_crop","2026-03","all","HEAT_MAJOR_VENT_DRY","488","65.67967698519516"
"warm_crop","2026-03","night","HEAT_MAJOR_VENT_DRY","233","62.80323450134771"
"warm_crop","2026-03","day","HEAT_MAJOR_VENT_DRY","255","68.54838709677419"
"warm_crop","2026-03","all","PASSIVE_VENT_COOL_DRY","51","6.864064602960969"
"warm_crop","2026-03","day","PASSIVE_VENT_COOL_DRY","41","11.021505376344086"
"warm_crop","all","all","PAD_INEFFECTIVE_DEHU_NEEDED","1963","32.24905536389026"
"warm_crop","2026-03","all","PAD_INEFFECTIVE_DEHU_NEEDED","43","5.787348586810229"
"warm_crop","all","night","PAD_INEFFECTIVE_DEHU_NEEDED","1233","40.532544378698226"
"warm_crop","2026-03","night","PAD_INEFFECTIVE_DEHU_NEEDED","32","8.625336927223719"
"warm_crop","2026-03","all","HEAT_MIN_VENT","19","2.557200538358008"
"warm_crop","2026-03","day","HEAT_MIN_VENT","13","3.4946236559139785"
"warm_crop","all","all","NEUTRAL_MIN_VENT","482","7.918514867750945"
"warm_crop","2026-03","all","NEUTRAL_MIN_VENT","19","2.557200538358008"
"warm_crop","all","night","NEUTRAL_MIN_VENT","230","7.560815253122946"
"warm_crop","2026-03","night","NEUTRAL_MIN_VENT","16","4.3126684636118595"
"warm_crop","2026-03","all","PASSIVE_HUMIDIFY_OPPORTUNITY","60","8.075370121130552"
"warm_crop","2026-03","night","PASSIVE_HUMIDIFY_OPPORTUNITY","45","12.129380053908356"
"warm_crop","2026-03","night","PASSIVE_VENT_COOL_DRY","10","2.6954177897574123"
"warm_crop","2026-03","night","HEAT_MIN_VENT","6","1.6172506738544474"
"warm_crop","all","all","HEAT_VENT_HUMID","182","2.989978643009693"
"warm_crop","2026-03","all","HEAT_VENT_HUMID","5","0.6729475100942126"
"warm_crop","all","day","HEAT_VENT_HUMID","143","4.696223316912972"
"warm_crop","2026-03","day","HEAT_VENT_HUMID","5","1.3440860215053763"
"warm_crop","all","all","PASSIVE_VENT_COOL_HUMID","315","5.1749630359783145"
"warm_crop","2026-03","all","PASSIVE_VENT_COOL_HUMID","7","0.9421265141318977"
"warm_crop","all","night","PASSIVE_VENT_COOL_HUMID","15","0.4930966469428008"
"warm_crop","2026-03","night","PASSIVE_VENT_COOL_HUMID","1","0.2695417789757412"
"warm_crop","2026-03","all","ACTIVE_HUMIDIFICATION_LIKELY","15","2.018842530282638"
"warm_crop","2026-03","night","ACTIVE_HUMIDIFICATION_LIKELY","7","1.8867924528301887"
"warm_crop","all","day","PASSIVE_HUMIDIFY_OPPORTUNITY","66","2.167487684729064"
"warm_crop","2026-03","day","PASSIVE_HUMIDIFY_OPPORTUNITY","15","4.032258064516129"
"warm_crop","all","day","PASSIVE_VENT_COOL_HUMID","300","9.852216748768473"
"warm_crop","2026-03","day","PASSIVE_VENT_COOL_HUMID","6","1.6129032258064515"
"warm_crop","all","day","NEUTRAL_MIN_VENT","252","8.275862068965518"
"warm_crop","2026-03","day","NEUTRAL_MIN_VENT","3","0.8064516129032258"
"warm_crop","all","all","PAD_EFFECTIVE","59","0.9692787908657795"
"warm_crop","2026-03","all","PAD_EFFECTIVE","33","4.441453566621804"
"warm_crop","all","night","PAD_EFFECTIVE","42","1.3806706114398422"
"warm_crop","2026-03","night","PAD_EFFECTIVE","18","4.8517520215633425"
"warm_crop","2026-03","day","ACTIVE_HUMIDIFICATION_LIKELY","8","2.150537634408602"
"warm_crop","all","day","PAD_EFFECTIVE","17","0.5582922824302134"
"warm_crop","2026-03","day","PAD_EFFECTIVE","15","4.032258064516129"
"warm_crop","all","all","PAD_MARGINAL","3","0.04928536224741252"
"warm_crop","2026-03","all","PAD_MARGINAL","3","0.4037685060565276"
"warm_crop","all","night","PAD_MARGINAL","3","0.09861932938856016"
"warm_crop","2026-03","night","PAD_MARGINAL","3","0.8086253369272237"
"warm_crop","all","day","PAD_INEFFECTIVE_DEHU_NEEDED","730","23.973727422003282"
"warm_crop","2026-03","day","PAD_INEFFECTIVE_DEHU_NEEDED","11","2.956989247311828"
"warm_crop","2026-04","all","PAD_EFFECTIVE","8","1.1111111111111112"
"warm_crop","2026-04","night","PAD_EFFECTIVE","8","2.2222222222222223"
"warm_crop","2026-04","all","PASSIVE_HUMIDIFY_OPPORTUNITY","51","7.083333333333333"
"warm_crop","2026-04","night","PASSIVE_HUMIDIFY_OPPORTUNITY","34","9.444444444444445"
"warm_crop","2026-04","all","HEAT_MAJOR_VENT_DRY","320","44.44444444444444"
"warm_crop","2026-04","day","HEAT_MAJOR_VENT_DRY","161","44.72222222222222"
"warm_crop","2026-04","all","HEAT_MIN_VENT","82","11.38888888888889"
"warm_crop","2026-04","day","HEAT_MIN_VENT","50","13.88888888888889"
"warm_crop","2026-04","all","PASSIVE_VENT_COOL_DRY","42","5.833333333333333"
"warm_crop","2026-04","day","PASSIVE_VENT_COOL_DRY","37","10.277777777777779"
"warm_crop","2026-04","all","PAD_INEFFECTIVE_DEHU_NEEDED","61","8.472222222222221"
"warm_crop","2026-04","night","PAD_INEFFECTIVE_DEHU_NEEDED","57","15.833333333333334"
"warm_crop","2026-04","all","NEUTRAL_MIN_VENT","54","7.5"
"warm_crop","2026-04","night","NEUTRAL_MIN_VENT","37","10.277777777777779"
"warm_crop","2026-04","all","HEAT_VENT_HUMID","39","5.416666666666667"
"warm_crop","all","night","HEAT_VENT_HUMID","39","1.2820512820512822"
"warm_crop","2026-04","night","HEAT_VENT_HUMID","12","3.3333333333333335"
"warm_crop","2026-04","day","PASSIVE_HUMIDIFY_OPPORTUNITY","17","4.722222222222222"
"warm_crop","2026-04","all","ACTIVE_HUMIDIFICATION_LIKELY","10","1.3888888888888888"
"warm_crop","2026-04","day","ACTIVE_HUMIDIFICATION_LIKELY","3","0.8333333333333334"
"warm_crop","2026-04","all","MISSING_DATA","4","0.5555555555555556"
"warm_crop","2026-04","night","MISSING_DATA","4","1.1111111111111112"
"warm_crop","2026-04","day","HEAT_VENT_HUMID","27","7.5"
"warm_crop","2026-04","all","PASSIVE_VENT_COOL_HUMID","49","6.805555555555555"
"warm_crop","2026-04","day","PASSIVE_VENT_COOL_HUMID","44","12.222222222222221"
"warm_crop","2026-04","night","HEAT_MAJOR_VENT_DRY","159","44.166666666666664"
"warm_crop","2026-04","night","ACTIVE_HUMIDIFICATION_LIKELY","7","1.9444444444444444"
"warm_crop","2026-04","night","PASSIVE_VENT_COOL_DRY","5","1.3888888888888888"
"warm_crop","2026-04","night","HEAT_MIN_VENT","32","8.88888888888889"
"warm_crop","2026-04","day","NEUTRAL_MIN_VENT","17","4.722222222222222"
"warm_crop","2026-04","night","PASSIVE_VENT_COOL_HUMID","5","1.3888888888888888"
"warm_crop","2026-04","day","PAD_INEFFECTIVE_DEHU_NEEDED","4","1.1111111111111112"
"warm_crop","2026-05","all","HEAT_MAJOR_VENT_DRY","262","35.215053763440864"
"warm_crop","2026-05","night","HEAT_MAJOR_VENT_DRY","130","34.946236559139784"
"warm_crop","2026-05","day","HEAT_MAJOR_VENT_DRY","132","35.483870967741936"
"warm_crop","2026-05","all","ACTIVE_HUMIDIFICATION_LIKELY","33","4.435483870967742"
"warm_crop","2026-05","night","ACTIVE_HUMIDIFICATION_LIKELY","11","2.956989247311828"
"warm_crop","2026-05","all","PASSIVE_VENT_COOL_DRY","38","5.10752688172043"
"warm_crop","2026-05","day","PASSIVE_VENT_COOL_DRY","34","9.13978494623656"
"warm_crop","2026-05","day","ACTIVE_HUMIDIFICATION_LIKELY","22","5.913978494623656"
"warm_crop","2026-05","all","PAD_EFFECTIVE","15","2.0161290322580645"
"warm_crop","2026-05","night","PAD_EFFECTIVE","15","4.032258064516129"
"warm_crop","2026-05","night","PASSIVE_VENT_COOL_DRY","4","1.075268817204301"
"warm_crop","2026-05","all","PASSIVE_HUMIDIFY_OPPORTUNITY","57","7.661290322580645"
"warm_crop","2026-05","day","PASSIVE_HUMIDIFY_OPPORTUNITY","28","7.526881720430108"
"warm_crop","2026-05","all","PAD_INEFFECTIVE_DEHU_NEEDED","126","16.93548387096774"
"warm_crop","2026-05","night","PAD_INEFFECTIVE_DEHU_NEEDED","93","25"
"warm_crop","2026-05","night","PASSIVE_HUMIDIFY_OPPORTUNITY","29","7.795698924731183"
"warm_crop","2026-05","all","HEAT_MIN_VENT","48","6.451612903225806"
"warm_crop","2026-05","night","HEAT_MIN_VENT","22","5.913978494623656"
"warm_crop","2026-05","day","HEAT_MIN_VENT","26","6.989247311827957"
"warm_crop","2026-05","all","HEAT_VENT_HUMID","53","7.123655913978495"
"warm_crop","2026-05","night","HEAT_VENT_HUMID","22","5.913978494623656"
"warm_crop","2026-05","all","NEUTRAL_MIN_VENT","67","9.005376344086022"
"warm_crop","2026-05","day","NEUTRAL_MIN_VENT","27","7.258064516129032"
"warm_crop","2026-05","all","PASSIVE_VENT_COOL_HUMID","43","5.779569892473118"
"warm_crop","2026-05","day","PASSIVE_VENT_COOL_HUMID","39","10.483870967741936"
"warm_crop","2026-05","day","PAD_INEFFECTIVE_DEHU_NEEDED","33","8.870967741935484"
"warm_crop","2026-05","night","NEUTRAL_MIN_VENT","40","10.75268817204301"
"warm_crop","2026-05","all","MISSING_DATA","2","0.26881720430107525"
"warm_crop","2026-05","night","MISSING_DATA","2","0.5376344086021505"
"warm_crop","2026-05","day","HEAT_VENT_HUMID","31","8.333333333333334"
"warm_crop","2026-05","night","PASSIVE_VENT_COOL_HUMID","4","1.075268817204301"
"warm_crop","2026-06","all","PAD_INEFFECTIVE_DEHU_NEEDED","355","49.30555555555556"
"warm_crop","2026-06","night","PAD_INEFFECTIVE_DEHU_NEEDED","248","68.88888888888889"
"warm_crop","2026-06","all","PASSIVE_VENT_COOL_HUMID","106","14.722222222222221"
"warm_crop","2026-06","day","PASSIVE_VENT_COOL_HUMID","101","28.055555555555557"
"warm_crop","2026-06","all","NEUTRAL_MIN_VENT","140","19.444444444444443"
"warm_crop","2026-06","day","NEUTRAL_MIN_VENT","63","17.5"
"warm_crop","2026-06","day","PAD_INEFFECTIVE_DEHU_NEEDED","107","29.72222222222222"
"warm_crop","2026-06","night","NEUTRAL_MIN_VENT","77","21.38888888888889"
"warm_crop","2026-06","all","HEAT_VENT_HUMID","63","8.75"
"warm_crop","2026-06","day","HEAT_VENT_HUMID","58","16.11111111111111"
"warm_crop","2026-06","all","PASSIVE_HUMIDIFY_OPPORTUNITY","18","2.5"
"warm_crop","2026-06","day","PASSIVE_HUMIDIFY_OPPORTUNITY","3","0.8333333333333334"
"warm_crop","2026-06","all","PASSIVE_VENT_COOL_DRY","11","1.5277777777777777"
"warm_crop","2026-06","day","PASSIVE_VENT_COOL_DRY","9","2.5"
"warm_crop","2026-06","night","PASSIVE_HUMIDIFY_OPPORTUNITY","15","4.166666666666667"
"warm_crop","2026-06","night","HEAT_VENT_HUMID","5","1.3888888888888888"
"warm_crop","2026-06","all","HEAT_MIN_VENT","19","2.638888888888889"
"warm_crop","2026-06","night","HEAT_MIN_VENT","8","2.2222222222222223"
"warm_crop","2026-06","day","HEAT_MIN_VENT","11","3.0555555555555554"
"warm_crop","2026-06","all","ACTIVE_HUMIDIFICATION_LIKELY","3","0.4166666666666667"
"warm_crop","2026-06","day","ACTIVE_HUMIDIFICATION_LIKELY","3","0.8333333333333334"
"warm_crop","2026-06","night","PASSIVE_VENT_COOL_DRY","2","0.5555555555555556"
"warm_crop","2026-06","all","HEAT_MAJOR_VENT_DRY","5","0.6944444444444444"
"warm_crop","2026-06","day","HEAT_MAJOR_VENT_DRY","5","1.3888888888888888"
"warm_crop","2026-06","night","PASSIVE_VENT_COOL_HUMID","5","1.3888888888888888"
"warm_crop","2026-07","all","PAD_INEFFECTIVE_DEHU_NEEDED","582","78.2258064516129"
"warm_crop","2026-07","night","PAD_INEFFECTIVE_DEHU_NEEDED","345","92.74193548387096"
"warm_crop","2026-07","all","PASSIVE_VENT_COOL_HUMID","53","7.123655913978495"
"warm_crop","2026-07","day","PASSIVE_VENT_COOL_HUMID","53","14.24731182795699"
"warm_crop","2026-07","all","NEUTRAL_MIN_VENT","100","13.440860215053764"
"warm_crop","2026-07","day","NEUTRAL_MIN_VENT","73","19.623655913978496"
"warm_crop","2026-07","day","PAD_INEFFECTIVE_DEHU_NEEDED","237","63.70967741935484"
"warm_crop","2026-07","night","NEUTRAL_MIN_VENT","27","7.258064516129032"
"warm_crop","2026-07","all","HEAT_VENT_HUMID","7","0.9408602150537635"
"warm_crop","2026-07","day","HEAT_VENT_HUMID","7","1.881720430107527"
"warm_crop","2026-07","all","MISSING_DATA","2","0.26881720430107525"
"warm_crop","2026-07","day","MISSING_DATA","2","0.5376344086021505"
"warm_crop","2026-08","all","PAD_INEFFECTIVE_DEHU_NEEDED","589","79.16666666666667"
"warm_crop","2026-08","night","PAD_INEFFECTIVE_DEHU_NEEDED","339","91.12903225806451"
"warm_crop","2026-08","all","NEUTRAL_MIN_VENT","77","10.349462365591398"
"warm_crop","2026-08","night","NEUTRAL_MIN_VENT","26","6.989247311827957"
"warm_crop","2026-08","all","HEAT_MIN_VENT","9","1.2096774193548387"
"warm_crop","2026-08","day","HEAT_MIN_VENT","7","1.881720430107527"
"warm_crop","2026-08","all","PASSIVE_VENT_COOL_DRY","11","1.478494623655914"
"warm_crop","2026-08","day","PASSIVE_VENT_COOL_DRY","10","2.6881720430107525"
"warm_crop","2026-08","all","PASSIVE_HUMIDIFY_OPPORTUNITY","6","0.8064516129032258"
"warm_crop","2026-08","day","PASSIVE_HUMIDIFY_OPPORTUNITY","3","0.8064516129032258"
"warm_crop","2026-08","day","PAD_INEFFECTIVE_DEHU_NEEDED","250","67.20430107526882"
"warm_crop","2026-08","all","HEAT_VENT_HUMID","9","1.2096774193548387"
"warm_crop","2026-08","day","HEAT_VENT_HUMID","9","2.4193548387096775"
"warm_crop","2026-08","all","PASSIVE_VENT_COOL_HUMID","40","5.376344086021505"
"warm_crop","2026-08","day","PASSIVE_VENT_COOL_HUMID","40","10.75268817204301"
"warm_crop","2026-08","day","NEUTRAL_MIN_VENT","51","13.709677419354838"
"warm_crop","2026-08","all","PAD_EFFECTIVE","3","0.4032258064516129"
"warm_crop","2026-08","night","PAD_EFFECTIVE","1","0.26881720430107525"
"warm_crop","2026-08","night","PASSIVE_HUMIDIFY_OPPORTUNITY","3","0.8064516129032258"
"warm_crop","2026-08","night","HEAT_MIN_VENT","2","0.5376344086021505"
"warm_crop","2026-08","night","PASSIVE_VENT_COOL_DRY","1","0.26881720430107525"
"warm_crop","2026-08","day","PAD_EFFECTIVE","2","0.5376344086021505"
"warm_crop","2026-09","all","PAD_INEFFECTIVE_DEHU_NEEDED","207","80.859375"
"warm_crop","2026-09","night","PAD_INEFFECTIVE_DEHU_NEEDED","119","93.7007874015748"
"warm_crop","2026-09","all","NEUTRAL_MIN_VENT","25","9.765625"
"warm_crop","2026-09","day","NEUTRAL_MIN_VENT","18","13.953488372093023"
"warm_crop","2026-09","day","PAD_INEFFECTIVE_DEHU_NEEDED","88","68.21705426356588"
"warm_crop","2026-09","all","PASSIVE_VENT_COOL_HUMID","17","6.640625"
"warm_crop","2026-09","day","PASSIVE_VENT_COOL_HUMID","17","13.178294573643411"
"warm_crop","2026-09","all","MISSING_DATA","1","0.390625"
"warm_crop","2026-09","night","MISSING_DATA","1","0.7874015748031497"
"warm_crop","2026-09","all","HEAT_VENT_HUMID","6","2.34375"
"warm_crop","2026-09","day","HEAT_VENT_HUMID","6","4.651162790697675"
"warm_crop","2026-09","night","NEUTRAL_MIN_VENT","7","5.511811023622047"
